Internal Wave Monte Carlo 	 title
415.00 65.000 100.000  freq zs zr
10001.0   1.0000   1 rmax dr ndr
400.0   0.2000   1 400.0     zmax dz ndz zmplt
1500.0 8 1 0.0  c0 np ns rs
 0.0000 200.0000 
50.0000 200.0000 
100.0000 200.0000 
150.0000 200.0000 
200.0000 200.0000 
250.0000 200.0000 
300.0000 200.0000 
350.0000 200.0000 
400.0000 200.0000 
450.0000 200.0000 
500.0000 200.0000 
550.0000 200.0000 
600.0000 200.0000 
650.0000 200.0000 
700.0000 200.0000 
750.0000 200.0000 
800.0000 200.0000 
850.0000 200.0000 
900.0000 200.0000 
950.0000 200.0000 
1000.0000 200.0000 
1050.0000 200.0000 
1100.0000 200.0000 
1150.0000 200.0000 
1200.0000 200.0000 
1250.0000 200.0000 
1300.0000 200.0000 
1350.0000 200.0000 
1400.0000 200.0000 
1450.0000 200.0000 
1500.0000 200.0000 
1550.0000 200.0000 
1600.0000 200.0000 
1650.0000 200.0000 
1700.0000 200.0000 
1750.0000 200.0000 
1800.0000 200.0000 
1850.0000 200.0000 
1900.0000 200.0000 
1950.0000 200.0000 
2000.0000 200.0000 
2050.0000 200.0000 
2100.0000 200.0000 
2150.0000 200.0000 
2200.0000 200.0000 
2250.0000 200.0000 
2300.0000 200.0000 
2350.0000 200.0000 
2400.0000 200.0000 
2450.0000 200.0000 
2500.0000 200.0000 
2550.0000 200.0000 
2600.0000 200.0000 
2650.0000 200.0000 
2700.0000 200.0000 
2750.0000 200.0000 
2800.0000 200.0000 
2850.0000 200.0000 
2900.0000 200.0000 
2950.0000 200.0000 
3000.0000 200.0000 
3050.0000 200.0000 
3100.0000 200.0000 
3150.0000 200.0000 
3200.0000 200.0000 
3250.0000 200.0000 
3300.0000 200.0000 
3350.0000 200.0000 
3400.0000 200.0000 
3450.0000 200.0000 
3500.0000 200.0000 
3550.0000 200.0000 
3600.0000 200.0000 
3650.0000 200.0000 
3700.0000 200.0000 
3750.0000 200.0000 
3800.0000 200.0000 
3850.0000 200.0000 
3900.0000 200.0000 
3950.0000 200.0000 
4000.0000 200.0000 
4050.0000 200.0000 
4100.0000 200.0000 
4150.0000 200.0000 
4200.0000 200.0000 
4250.0000 200.0000 
4300.0000 200.0000 
4350.0000 200.0000 
4400.0000 200.0000 
4450.0000 200.0000 
4500.0000 200.0000 
4550.0000 200.0000 
4600.0000 200.0000 
4650.0000 200.0000 
4700.0000 200.0000 
4750.0000 200.0000 
4800.0000 200.0000 
4850.0000 200.0000 
4900.0000 200.0000 
4950.0000 200.0000 
5000.0000 200.0000 
5050.0000 200.0000 
5100.0000 200.0000 
5150.0000 200.0000 
5200.0000 200.0000 
5250.0000 200.0000 
5300.0000 200.0000 
5350.0000 200.0000 
5400.0000 200.0000 
5450.0000 200.0000 
5500.0000 200.0000 
5550.0000 200.0000 
5600.0000 200.0000 
5650.0000 200.0000 
5700.0000 200.0000 
5750.0000 200.0000 
5800.0000 200.0000 
5850.0000 200.0000 
5900.0000 200.0000 
5950.0000 200.0000 
6000.0000 200.0000 
6050.0000 200.0000 
6100.0000 200.0000 
6150.0000 200.0000 
6200.0000 200.0000 
6250.0000 200.0000 
6300.0000 200.0000 
6350.0000 200.0000 
6400.0000 200.0000 
6450.0000 200.0000 
6500.0000 200.0000 
6550.0000 200.0000 
6600.0000 200.0000 
6650.0000 200.0000 
6700.0000 200.0000 
6750.0000 200.0000 
6800.0000 200.0000 
6850.0000 200.0000 
6900.0000 200.0000 
6950.0000 200.0000 
7000.0000 200.0000 
7050.0000 200.0000 
7100.0000 200.0000 
7150.0000 200.0000 
7200.0000 200.0000 
7250.0000 200.0000 
7300.0000 200.0000 
7350.0000 200.0000 
7400.0000 200.0000 
7450.0000 200.0000 
7500.0000 200.0000 
7550.0000 200.0000 
7600.0000 200.0000 
7650.0000 200.0000 
7700.0000 200.0000 
7750.0000 200.0000 
7800.0000 200.0000 
7850.0000 200.0000 
7900.0000 200.0000 
7950.0000 200.0000 
8000.0000 200.0000 
8050.0000 200.0000 
8100.0000 200.0000 
8150.0000 200.0000 
8200.0000 200.0000 
8250.0000 200.0000 
8300.0000 200.0000 
8350.0000 200.0000 
8400.0000 200.0000 
8450.0000 200.0000 
8500.0000 200.0000 
8550.0000 200.0000 
8600.0000 200.0000 
8650.0000 200.0000 
8700.0000 200.0000 
8750.0000 200.0000 
8800.0000 200.0000 
8850.0000 200.0000 
8900.0000 200.0000 
8950.0000 200.0000 
9000.0000 200.0000 
9050.0000 200.0000 
9100.0000 200.0000 
9150.0000 200.0000 
9200.0000 200.0000 
9250.0000 200.0000 
9300.0000 200.0000 
9350.0000 200.0000 
9400.0000 200.0000 
9450.0000 200.0000 
9500.0000 200.0000 
9550.0000 200.0000 
9600.0000 200.0000 
9650.0000 200.0000 
9700.0000 200.0000 
9750.0000 200.0000 
9800.0000 200.0000 
9850.0000 200.0000 
9900.0000 200.0000 
9950.0000 200.0000 
10000.0000 200.0000 
10050.0000 200.0000 
10100.0000 200.0000 
10150.0000 200.0000 
10200.0000 200.0000 
10250.0000 200.0000 
10300.0000 200.0000 
10350.0000 200.0000 
10400.0000 200.0000 
10450.0000 200.0000 
10500.0000 200.0000 
10550.0000 200.0000 
10600.0000 200.0000 
10650.0000 200.0000 
10700.0000 200.0000 
10750.0000 200.0000 
10800.0000 200.0000 
10850.0000 200.0000 
10900.0000 200.0000 
10950.0000 200.0000 
11000.0000 200.0000 
11050.0000 200.0000 
11100.0000 200.0000 
11150.0000 200.0000 
11200.0000 200.0000 
11250.0000 200.0000 
11300.0000 200.0000 
11350.0000 200.0000 
11400.0000 200.0000 
11450.0000 200.0000 
11500.0000 200.0000 
11550.0000 200.0000 
11600.0000 200.0000 
11650.0000 200.0000 
11700.0000 200.0000 
11750.0000 200.0000 
11800.0000 200.0000 
11850.0000 200.0000 
11900.0000 200.0000 
11950.0000 200.0000 
12000.0000 200.0000 
12050.0000 200.0000 
12100.0000 200.0000 
12150.0000 200.0000 
12200.0000 200.0000 
12250.0000 200.0000 
12300.0000 200.0000 
12350.0000 200.0000 
12400.0000 200.0000 
12450.0000 200.0000 
12500.0000 200.0000 
12550.0000 200.0000 
12600.0000 200.0000 
12650.0000 200.0000 
12700.0000 200.0000 
12750.0000 200.0000 
12800.0000 200.0000 
12850.0000 200.0000 
12900.0000 200.0000 
12950.0000 200.0000 
13000.0000 200.0000 
13050.0000 200.0000 
13100.0000 200.0000 
13150.0000 200.0000 
13200.0000 200.0000 
13250.0000 200.0000 
13300.0000 200.0000 
13350.0000 200.0000 
13400.0000 200.0000 
13450.0000 200.0000 
13500.0000 200.0000 
13550.0000 200.0000 
13600.0000 200.0000 
13650.0000 200.0000 
13700.0000 200.0000 
13750.0000 200.0000 
13800.0000 200.0000 
13850.0000 200.0000 
13900.0000 200.0000 
13950.0000 200.0000 
14000.0000 200.0000 
14050.0000 200.0000 
14100.0000 200.0000 
14150.0000 200.0000 
14200.0000 200.0000 
14250.0000 200.0000 
14300.0000 200.0000 
14350.0000 200.0000 
14400.0000 200.0000 
14450.0000 200.0000 
14500.0000 200.0000 
14550.0000 200.0000 
14600.0000 200.0000 
14650.0000 200.0000 
14700.0000 200.0000 
14750.0000 200.0000 
14800.0000 200.0000 
14850.0000 200.0000 
14900.0000 200.0000 
14950.0000 200.0000 
15000.0000 200.0000 
15050.0000 200.0000 
15100.0000 200.0000 
15150.0000 200.0000 
15200.0000 200.0000 
15250.0000 200.0000 
15300.0000 200.0000 
15350.0000 200.0000 
15400.0000 200.0000 
15450.0000 200.0000 
15500.0000 200.0000 
15550.0000 200.0000 
15600.0000 200.0000 
15650.0000 200.0000 
15700.0000 200.0000 
15750.0000 200.0000 
15800.0000 200.0000 
15850.0000 200.0000 
15900.0000 200.0000 
15950.0000 200.0000 
16000.0000 200.0000 
16050.0000 200.0000 
16100.0000 200.0000 
16150.0000 200.0000 
16200.0000 200.0000 
16250.0000 200.0000 
16300.0000 200.0000 
16350.0000 200.0000 
16400.0000 200.0000 
16450.0000 200.0000 
16500.0000 200.0000 
16550.0000 200.0000 
16600.0000 200.0000 
16650.0000 200.0000 
16700.0000 200.0000 
16750.0000 200.0000 
16800.0000 200.0000 
16850.0000 200.0000 
16900.0000 200.0000 
16950.0000 200.0000 
17000.0000 200.0000 
17050.0000 200.0000 
17100.0000 200.0000 
17150.0000 200.0000 
17200.0000 200.0000 
17250.0000 200.0000 
17300.0000 200.0000 
17350.0000 200.0000 
17400.0000 200.0000 
17450.0000 200.0000 
17500.0000 200.0000 
17550.0000 200.0000 
17600.0000 200.0000 
17650.0000 200.0000 
17700.0000 200.0000 
17750.0000 200.0000 
17800.0000 200.0000 
17850.0000 200.0000 
17900.0000 200.0000 
17950.0000 200.0000 
18000.0000 200.0000 
18050.0000 200.0000 
18100.0000 200.0000 
18150.0000 200.0000 
18200.0000 200.0000 
18250.0000 200.0000 
18300.0000 200.0000 
18350.0000 200.0000 
18400.0000 200.0000 
18450.0000 200.0000 
18500.0000 200.0000 
18550.0000 200.0000 
18600.0000 200.0000 
18650.0000 200.0000 
18700.0000 200.0000 
18750.0000 200.0000 
18800.0000 200.0000 
18850.0000 200.0000 
18900.0000 200.0000 
18950.0000 200.0000 
19000.0000 200.0000 
19050.0000 200.0000 
19100.0000 200.0000 
19150.0000 200.0000 
19200.0000 200.0000 
19250.0000 200.0000 
19300.0000 200.0000 
19350.0000 200.0000 
19400.0000 200.0000 
19450.0000 200.0000 
19500.0000 200.0000 
19550.0000 200.0000 
19600.0000 200.0000 
19650.0000 200.0000 
19700.0000 200.0000 
19750.0000 200.0000 
19800.0000 200.0000 
19850.0000 200.0000 
19900.0000 200.0000 
19950.0000 200.0000 
20000.0000 200.0000 
  -1    -1
    0.2  1506.1   z cw
    0.4  1505.8
    0.6  1505.5
    0.8  1505.5
    1.0  1505.4
    1.2  1505.3
    1.4  1505.3
    1.6  1505.3
    1.8  1505.3
    2.0  1505.3
    2.2  1505.3
    2.4  1505.3
    2.6  1505.3
    2.8  1505.3
    3.0  1505.3
    3.2  1505.3
    3.4  1505.3
    3.6  1505.3
    3.8  1505.3
    4.0  1505.3
    4.2  1505.3
    4.4  1505.3
    4.6  1505.3
    4.8  1505.3
    5.0  1505.3
    5.2  1505.3
    5.4  1505.3
    5.6  1505.3
    5.8  1505.3
    6.0  1505.3
    6.2  1505.3
    6.4  1505.3
    6.6  1505.3
    6.8  1505.3
    7.0  1505.3
    7.2  1505.3
    7.4  1505.3
    7.6  1505.3
    7.8  1505.3
    8.0  1505.3
    8.2  1505.3
    8.4  1505.2
    8.6  1505.2
    8.8  1505.2
    9.0  1505.2
    9.2  1505.2
    9.4  1505.2
    9.6  1505.1
    9.8  1505.1
   10.0  1505.0
   10.2  1504.9
   10.4  1504.8
   10.6  1504.7
   10.8  1504.5
   11.0  1504.4
   11.2  1504.2
   11.4  1504.0
   11.6  1503.8
   11.8  1503.6
   12.0  1503.5
   12.2  1503.3
   12.4  1503.2
   12.6  1503.1
   12.8  1503.0
   13.0  1502.9
   13.2  1502.8
   13.4  1502.7
   13.6  1502.6
   13.8  1502.4
   14.0  1502.3
   14.2  1502.1
   14.4  1502.0
   14.6  1501.9
   14.8  1501.8
   15.0  1501.8
   15.2  1501.7
   15.4  1501.6
   15.6  1501.6
   15.8  1501.5
   16.0  1501.4
   16.2  1501.4
   16.4  1501.2
   16.6  1501.1
   16.8  1500.9
   17.0  1500.8
   17.2  1500.6
   17.4  1500.5
   17.6  1500.4
   17.8  1500.3
   18.0  1500.2
   18.2  1500.1
   18.4  1500.1
   18.6  1500.0
   18.8  1500.0
   19.0  1499.8
   19.2  1499.6
   19.4  1499.5
   19.6  1499.3
   19.8  1499.1
   20.0  1498.9
   20.2  1498.8
   20.4  1498.6
   20.6  1498.5
   20.8  1498.2
   21.0  1497.9
   21.2  1497.5
   21.4  1497.1
   21.6  1496.4
   21.8  1495.7
   22.0  1495.1
   22.2  1494.6
   22.4  1494.1
   22.6  1493.6
   22.8  1493.3
   23.0  1493.1
   23.2  1492.9
   23.4  1492.7
   23.6  1492.4
   23.8  1492.2
   24.0  1492.0
   24.2  1491.8
   24.4  1491.7
   24.6  1491.5
   24.8  1491.3
   25.0  1491.2
   25.2  1491.1
   25.4  1491.0
   25.6  1491.0
   25.8  1490.9
   26.0  1490.9
   26.2  1490.8
   26.4  1490.7
   26.6  1490.7
   26.8  1490.5
   27.0  1490.4
   27.2  1490.2
   27.4  1490.0
   27.6  1489.8
   27.8  1489.6
   28.0  1489.3
   28.2  1488.9
   28.4  1488.6
   28.6  1488.3
   28.8  1488.0
   29.0  1487.7
   29.2  1487.4
   29.4  1487.1
   29.6  1486.8
   29.8  1486.5
   30.0  1486.3
   30.2  1486.1
   30.4  1485.8
   30.6  1485.5
   30.8  1485.2
   31.0  1484.9
   31.2  1484.6
   31.4  1484.3
   31.6  1484.1
   31.8  1483.8
   32.0  1483.5
   32.2  1483.2
   32.4  1482.9
   32.6  1482.4
   32.8  1482.0
   33.0  1481.5
   33.2  1481.1
   33.4  1480.7
   33.6  1480.3
   33.8  1480.1
   34.0  1479.9
   34.2  1479.7
   34.4  1479.6
   34.6  1479.5
   34.8  1479.4
   35.0  1479.3
   35.2  1479.2
   35.4  1479.2
   35.6  1479.1
   35.8  1479.1
   36.0  1479.1
   36.2  1479.0
   36.4  1479.0
   36.6  1479.0
   36.8  1479.0
   37.0  1478.9
   37.2  1478.9
   37.4  1478.8
   37.6  1478.8
   37.8  1478.7
   38.0  1478.6
   38.2  1478.5
   38.4  1478.4
   38.6  1478.3
   38.8  1478.2
   39.0  1478.0
   39.2  1477.9
   39.4  1477.7
   39.6  1477.5
   39.8  1477.3
   40.0  1477.0
   40.2  1476.8
   40.4  1476.6
   40.6  1476.4
   40.8  1476.3
   41.0  1476.1
   41.2  1475.9
   41.4  1475.7
   41.6  1475.5
   41.8  1475.4
   42.0  1475.2
   42.2  1475.0
   42.4  1474.9
   42.6  1474.7
   42.8  1474.7
   43.0  1474.6
   43.2  1474.5
   43.4  1474.4
   43.6  1474.3
   43.8  1474.3
   44.0  1474.2
   44.2  1474.2
   44.4  1474.1
   44.6  1474.0
   44.8  1473.9
   45.0  1473.8
   45.2  1473.7
   45.4  1473.6
   45.6  1473.5
   45.8  1473.4
   46.0  1473.4
   46.2  1473.3
   46.4  1473.3
   46.6  1473.2
   46.8  1473.2
   47.0  1473.2
   47.2  1473.1
   47.4  1473.1
   47.6  1473.1
   47.8  1473.0
   48.0  1473.0
   48.2  1473.0
   48.4  1473.0
   48.6  1473.0
   48.8  1473.0
   49.0  1473.0
   49.2  1473.0
   49.4  1473.0
   49.6  1473.0
   49.8  1473.0
   50.0  1473.0
   50.2  1473.0
   50.4  1473.0
   50.6  1473.0
   50.8  1473.0
   51.0  1473.0
   51.2  1473.0
   51.4  1473.0
   51.6  1473.0
   51.8  1472.9
   52.0  1472.9
   52.2  1472.9
   52.4  1472.9
   52.6  1472.9
   52.8  1472.9
   53.0  1472.9
   53.2  1472.9
   53.4  1472.9
   53.6  1472.9
   53.8  1472.9
   54.0  1472.9
   54.2  1472.9
   54.4  1472.9
   54.6  1472.9
   54.8  1472.9
   55.0  1472.9
   55.2  1472.9
   55.4  1472.9
   55.6  1472.9
   55.8  1472.8
   56.0  1472.8
   56.2  1472.8
   56.4  1472.8
   56.6  1472.8
   56.8  1472.8
   57.0  1472.7
   57.2  1472.7
   57.4  1472.7
   57.6  1472.6
   57.8  1472.6
   58.0  1472.5
   58.2  1472.5
   58.4  1472.4
   58.6  1472.4
   58.8  1472.3
   59.0  1472.3
   59.2  1472.2
   59.4  1472.2
   59.6  1472.2
   59.8  1472.1
   60.0  1472.1
   60.2  1472.1
   60.4  1472.1
   60.6  1472.1
   60.8  1472.1
   61.0  1472.1
   61.2  1472.0
   61.4  1472.0
   61.6  1472.0
   61.8  1472.0
   62.0  1472.0
   62.2  1472.0
   62.4  1472.0
   62.6  1472.0
   62.8  1472.0
   63.0  1472.0
   63.2  1472.0
   63.4  1472.0
   63.6  1472.0
   63.8  1471.9
   64.0  1471.9
   64.2  1471.9
   64.4  1471.9
   64.6  1471.9
   64.8  1471.9
   65.0  1471.9
   65.2  1471.9
   65.4  1471.9
   65.6  1471.9
   65.8  1471.9
   66.0  1471.9
   66.2  1471.9
   66.4  1471.9
   66.6  1471.9
   66.8  1471.9
   67.0  1471.9
   67.2  1471.9
   67.4  1471.9
   67.6  1471.9
   67.8  1471.9
   68.0  1471.9
   68.2  1471.9
   68.4  1471.9
   68.6  1471.9
   68.8  1471.9
   69.0  1471.8
   69.2  1471.8
   69.4  1471.8
   69.6  1471.8
   69.8  1471.8
   70.0  1471.8
   70.2  1471.8
   70.4  1471.8
   70.6  1471.8
   70.8  1471.8
   71.0  1471.8
   71.2  1471.8
   71.4  1471.8
   71.6  1471.8
   71.8  1471.8
   72.0  1471.8
   72.2  1471.8
   72.4  1471.8
   72.6  1471.8
   72.8  1471.8
   73.0  1471.8
   73.2  1471.8
   73.4  1471.8
   73.6  1471.8
   73.8  1471.8
   74.0  1471.8
   74.2  1471.8
   74.4  1471.8
   74.6  1471.8
   74.8  1471.8
   75.0  1471.8
   75.2  1471.8
   75.4  1471.8
   75.6  1471.7
   75.8  1471.7
   76.0  1471.7
   76.2  1471.7
   76.4  1471.7
   76.6  1471.7
   76.8  1471.7
   77.0  1471.7
   77.2  1471.7
   77.4  1471.7
   77.6  1471.7
   77.8  1471.7
   78.0  1471.7
   78.2  1471.6
   78.4  1471.6
   78.6  1471.6
   78.8  1471.6
   79.0  1471.6
   79.2  1471.5
   79.4  1471.5
   79.6  1471.5
   79.8  1471.4
   80.0  1471.4
   80.2  1471.4
   80.4  1471.4
   80.6  1471.4
   80.8  1471.4
   81.0  1471.4
   81.2  1471.3
   81.4  1471.3
   81.6  1471.3
   81.8  1471.3
   82.0  1471.3
   82.2  1471.2
   82.4  1471.2
   82.6  1471.2
   82.8  1471.2
   83.0  1471.2
   83.2  1471.2
   83.4  1471.2
   83.6  1471.2
   83.8  1471.2
   84.0  1471.2
   84.2  1471.2
   84.4  1471.2
   84.6  1471.2
   84.8  1471.2
   85.0  1471.2
   85.2  1471.2
   85.4  1471.2
   85.6  1471.2
   85.8  1471.2
   86.0  1471.2
   86.2  1471.2
   86.4  1471.2
   86.6  1471.2
   86.8  1471.2
   87.0  1471.2
   87.2  1471.2
   87.4  1471.2
   87.6  1471.2
   87.8  1471.2
   88.0  1471.2
   88.2  1471.2
   88.4  1471.2
   88.6  1471.2
   88.8  1471.2
   89.0  1471.2
   89.2  1471.2
   89.4  1471.2
   89.6  1471.2
   89.8  1471.2
   90.0  1471.2
   90.2  1471.2
   90.4  1471.2
   90.6  1471.2
   90.8  1471.2
   91.0  1471.2
   91.2  1471.2
   91.4  1471.1
   91.6  1471.1
   91.8  1471.1
   92.0  1471.1
   92.2  1471.1
   92.4  1471.1
   92.6  1471.1
   92.8  1471.1
   93.0  1471.1
   93.2  1471.1
   93.4  1471.0
   93.6  1471.0
   93.8  1471.0
   94.0  1471.0
   94.2  1471.0
   94.4  1471.0
   94.6  1471.0
   94.8  1471.0
   95.0  1471.0
   95.2  1471.0
   95.4  1471.0
   95.6  1471.0
   95.8  1471.0
   96.0  1471.0
   96.2  1471.0
   96.4  1471.0
   96.6  1471.0
   96.8  1471.0
   97.0  1471.0
   97.2  1471.0
   97.4  1471.0
   97.6  1471.0
   97.8  1471.0
   98.0  1471.0
   98.2  1471.0
   98.4  1471.0
   98.6  1471.0
   98.8  1471.0
   99.0  1471.0
   99.2  1471.0
   99.4  1471.0
   99.6  1471.0
   99.8  1471.0
  100.0  1471.0
  100.2  1471.0
  100.4  1471.0
  100.6  1471.0
  100.8  1471.0
  101.0  1471.0
  101.2  1471.0
  101.4  1471.0
  101.6  1471.0
  101.8  1471.0
  102.0  1471.0
  102.2  1471.0
  102.4  1471.0
  102.6  1471.0
  102.8  1471.0
  103.0  1471.0
  103.2  1471.0
  103.4  1471.0
  103.6  1471.0
  103.8  1471.0
  104.0  1471.0
  104.2  1471.0
  104.4  1471.0
  104.6  1471.0
  104.8  1471.0
  105.0  1471.0
  105.2  1471.0
  105.4  1471.0
  105.6  1471.0
  105.8  1471.0
  106.0  1471.0
  106.2  1471.0
  106.4  1471.0
  106.6  1471.0
  106.8  1471.0
  107.0  1471.0
  107.2  1471.0
  107.4  1471.0
  107.6  1471.0
  107.8  1471.0
  108.0  1471.0
  108.2  1471.0
  108.4  1471.0
  108.6  1471.0
  108.8  1471.0
  109.0  1471.0
  109.2  1471.0
  109.4  1471.0
  109.6  1471.0
  109.8  1471.0
  110.0  1471.0
  110.2  1471.0
  110.4  1471.0
  110.6  1471.0
  110.8  1471.0
  111.0  1471.0
  111.2  1471.0
  111.4  1471.0
  111.6  1471.0
  111.8  1471.0
  112.0  1471.0
  112.2  1471.0
  112.4  1471.0
  112.6  1471.0
  112.8  1471.0
  113.0  1471.0
  113.2  1471.0
  113.4  1471.0
  113.6  1471.0
  113.8  1471.0
  114.0  1471.0
  114.2  1471.0
  114.4  1471.0
  114.6  1471.0
  114.8  1471.0
  115.0  1471.0
  115.2  1471.0
  115.4  1471.0
  115.6  1471.0
  115.8  1471.0
  116.0  1471.0
  116.2  1471.0
  116.4  1471.0
  116.6  1471.0
  116.8  1471.0
  117.0  1471.0
  117.2  1471.0
  117.4  1471.1
  117.6  1471.1
  117.8  1471.1
  118.0  1471.1
  118.2  1471.1
  118.4  1471.1
  118.6  1471.1
  118.8  1471.1
  119.0  1471.1
  119.2  1471.2
  119.4  1471.2
  119.6  1471.2
  119.8  1471.2
  120.0  1471.2
  120.2  1471.2
  120.4  1471.2
  120.6  1471.2
  120.8  1471.1
  121.0  1471.1
  121.2  1471.1
  121.4  1471.1
  121.6  1471.1
  121.8  1471.1
  122.0  1471.2
  122.2  1471.2
  122.4  1471.2
  122.6  1471.2
  122.8  1471.2
  123.0  1471.2
  123.2  1471.2
  123.4  1471.2
  123.6  1471.2
  123.8  1471.2
  124.0  1471.2
  124.2  1471.2
  124.4  1471.2
  124.6  1471.2
  124.8  1471.1
  125.0  1471.1
  125.2  1471.1
  125.4  1471.1
  125.6  1471.0
  125.8  1471.0
  126.0  1470.9
  126.2  1470.9
  126.4  1470.9
  126.6  1470.9
  126.8  1470.8
  127.0  1470.8
  127.2  1470.8
  127.4  1470.8
  127.6  1470.8
  127.8  1470.8
  128.0  1470.8
  128.2  1470.8
  128.4  1470.8
  128.6  1470.8
  128.8  1470.8
  129.0  1470.8
  129.2  1470.8
  129.4  1470.8
  129.6  1470.8
  129.8  1470.8
  130.0  1470.8
  130.2  1470.8
  130.4  1470.8
  130.6  1470.8
  130.8  1470.8
  131.0  1470.8
  131.2  1470.8
  131.4  1470.8
  131.6  1470.8
  131.8  1470.9
  132.0  1470.9
  132.2  1470.9
  132.4  1470.9
  132.6  1470.9
  132.8  1470.9
  133.0  1470.9
  133.2  1470.9
  133.4  1470.9
  133.6  1470.9
  133.8  1470.9
  134.0  1471.0
  134.2  1471.0
  134.4  1471.0
  134.6  1471.0
  134.8  1471.0
  135.0  1471.0
  135.2  1471.0
  135.4  1471.0
  135.6  1471.0
  135.8  1471.0
  136.0  1471.0
  136.2  1471.0
  136.4  1471.0
  136.6  1471.0
  136.8  1471.0
  137.0  1471.1
  137.2  1471.1
  137.4  1471.1
  137.6  1471.1
  137.8  1471.1
  138.0  1471.1
  138.2  1471.1
  138.4  1471.1
  138.6  1471.2
  138.8  1471.2
  139.0  1471.2
  139.2  1471.2
  139.4  1471.2
  139.6  1471.3
  139.8  1471.3
  140.0  1471.3
  140.2  1471.4
  140.4  1471.5
  140.6  1471.6
  140.8  1471.7
  141.0  1471.7
  141.2  1471.8
  141.4  1471.9
  141.6  1472.0
  141.8  1472.0
  142.0  1472.1
  142.2  1472.2
  142.4  1472.2
  142.6  1472.3
  142.8  1472.3
  143.0  1472.4
  143.2  1472.4
  143.4  1472.4
  143.6  1472.5
  143.8  1472.5
  144.0  1472.5
  144.2  1472.6
  144.4  1472.6
  144.6  1472.6
  144.8  1472.6
  145.0  1472.7
  145.2  1472.7
  145.4  1472.7
  145.6  1472.8
  145.8  1472.8
  146.0  1472.9
  146.2  1473.0
  146.4  1473.1
  146.6  1473.1
  146.8  1473.2
  147.0  1473.3
  147.2  1473.3
  147.4  1473.4
  147.6  1473.5
  147.8  1473.5
  148.0  1473.6
  148.2  1473.6
  148.4  1473.7
  148.6  1473.7
  148.8  1473.7
  149.0  1473.8
  149.2  1473.8
  149.4  1473.8
  149.6  1473.9
  149.8  1474.0
  150.0  1474.0
  150.2  1474.1
  150.4  1474.1
  150.6  1474.2
  150.8  1474.3
  151.0  1474.3
  151.2  1474.4
  151.4  1474.5
  151.6  1474.6
  151.8  1474.6
  152.0  1474.7
  152.2  1474.7
  152.4  1474.8
  152.6  1474.9
  152.8  1474.9
  153.0  1475.0
  153.2  1475.0
  153.4  1475.0
  153.6  1475.1
  153.8  1475.1
  154.0  1475.1
  154.2  1475.1
  154.4  1475.2
  154.6  1475.2
  154.8  1475.2
  155.0  1475.2
  155.2  1475.2
  155.4  1475.2
  155.6  1475.2
  155.8  1475.3
  156.0  1475.3
  156.2  1475.3
  156.4  1475.3
  156.6  1475.3
  156.8  1475.3
  157.0  1475.3
  157.2  1475.3
  157.4  1475.3
  157.6  1475.4
  157.8  1475.4
  158.0  1475.4
  158.2  1475.4
  158.4  1475.5
  158.6  1475.5
  158.8  1475.5
  159.0  1475.5
  159.2  1475.5
  159.4  1475.5
  159.6  1475.5
  159.8  1475.6
  160.0  1475.6
  160.2  1475.6
  160.4  1475.6
  160.6  1475.6
  160.8  1475.6
  161.0  1475.6
  161.2  1475.6
  161.4  1475.6
  161.6  1475.7
  161.8  1475.7
  162.0  1475.7
  162.2  1475.7
  162.4  1475.7
  162.6  1475.7
  162.8  1475.7
  163.0  1475.7
  163.2  1475.7
  163.4  1475.8
  163.6  1475.8
  163.8  1475.8
  164.0  1475.8
  164.2  1475.8
  164.4  1475.8
  164.6  1475.8
  164.8  1475.8
  165.0  1475.8
  165.2  1475.8
  165.4  1475.9
  165.6  1475.9
  165.8  1475.9
  166.0  1475.9
  166.2  1475.9
  166.4  1475.9
  166.6  1475.9
  166.8  1476.0
  167.0  1476.0
  167.2  1476.0
  167.4  1476.0
  167.6  1476.1
  167.8  1476.1
  168.0  1476.1
  168.2  1476.1
  168.4  1476.2
  168.6  1476.2
  168.8  1476.2
  169.0  1476.2
  169.2  1476.3
  169.4  1476.3
  169.6  1476.3
  169.8  1476.3
  170.0  1476.3
  170.2  1476.4
  170.4  1476.4
  170.6  1476.4
  170.8  1476.5
  171.0  1476.5
  171.2  1476.5
  171.4  1476.6
  171.6  1476.6
  171.8  1476.6
  172.0  1476.7
  172.2  1476.7
  172.4  1476.7
  172.6  1476.7
  172.8  1476.8
  173.0  1476.8
  173.2  1476.8
  173.4  1476.8
  173.6  1476.8
  173.8  1476.8
  174.0  1476.9
  174.2  1476.9
  174.4  1476.9
  174.6  1476.9
  174.8  1476.9
  175.0  1476.9
  175.2  1476.9
  175.4  1477.0
  175.6  1477.0
  175.8  1477.0
  176.0  1477.0
  176.2  1477.0
  176.4  1477.1
  176.6  1477.1
  176.8  1477.1
  177.0  1477.1
  177.2  1477.2
  177.4  1477.2
  177.6  1477.2
  177.8  1477.3
  178.0  1477.3
  178.2  1477.4
  178.4  1477.4
  178.6  1477.4
  178.8  1477.5
  179.0  1477.5
  179.2  1477.5
  179.4  1477.6
  179.6  1477.6
  179.8  1477.6
  180.0  1477.6
  180.2  1477.7
  180.4  1477.7
  180.6  1477.7
  180.8  1477.7
  181.0  1477.8
  181.2  1477.8
  181.4  1477.8
  181.6  1477.8
  181.8  1477.9
  182.0  1477.9
  182.2  1477.9
  182.4  1477.9
  182.6  1478.0
  182.8  1478.0
  183.0  1478.0
  183.2  1478.0
  183.4  1478.0
  183.6  1478.1
  183.8  1478.1
  184.0  1478.1
  184.2  1478.1
  184.4  1478.1
  184.6  1478.2
  184.8  1478.2
  185.0  1478.2
  185.2  1478.2
  185.4  1478.2
  185.6  1478.2
  185.8  1478.2
  186.0  1478.2
  186.2  1478.2
  186.4  1478.2
  186.6  1478.2
  186.8  1478.2
  187.0  1478.2
  187.2  1478.2
  187.4  1478.2
  187.6  1478.2
  187.8  1478.2
  188.0  1478.2
  188.2  1478.2
  188.4  1478.2
  188.6  1478.2
  188.8  1478.2
  189.0  1478.2
  189.2  1478.2
  189.4  1478.2
  189.6  1478.2
  189.8  1478.2
  190.0  1478.2
  190.2  1478.2
  190.4  1478.2
  190.6  1478.2
  190.8  1478.2
  191.0  1478.2
  191.2  1478.2
  191.4  1478.2
  191.6  1478.2
  191.8  1478.2
  192.0  1478.2
  192.2  1478.2
  192.4  1478.2
  192.6  1478.2
  192.8  1478.2
  193.0  1478.2
  193.2  1478.2
  193.4  1478.2
  193.6  1478.2
  193.8  1478.2
  194.0  1478.2
  194.2  1478.2
  194.4  1478.2
  194.6  1478.2
  194.8  1478.2
  195.0  1478.2
  195.2  1478.2
  195.4  1478.2
  195.6  1478.2
  195.8  1478.2
  196.0  1478.2
  196.2  1478.2
  196.4  1478.2
  196.6  1478.2
  196.8  1478.2
  197.0  1478.2
  197.2  1478.2
  197.4  1478.2
  197.6  1478.2
  197.8  1478.2
  198.0  1478.2
  198.2  1478.2
  198.4  1478.2
  198.6  1478.2
  198.8  1478.2
  199.0  1478.2
  199.2  1478.2
  199.4  1478.2
  199.6  1478.2
  199.8  1478.2
  200.0  1478.2
  -1    -1
    0.0  1700.0   z cb
  -1    -1
    0.0     1.9   z rhob
  -1    -1
  280.0     0.8   z attn
  300.0    10.0
  -1    -1
