 KRAKENC-Normal mode simulation                                                 
  
 Frequency =   415.0     NMEDIA =   1


     N2-LINEAR approximation to SSP
     Attenuation units: dB/wavelength
     VACUUM


      Z          ALPHAR     BETAR      RHO       ALPHAI     BETAI


          ( Number of pts =  1001  RMS roughness =   0.00     )
      0.00         0.00      0.00     1.00       0.0001    0.0000
      0.20      1506.08      0.00     1.00       0.0001    0.0000
      0.40      1505.80      0.00     1.00       0.0001    0.0000
      0.60      1505.51      0.00     1.00       0.0001    0.0000
      0.80      1505.45      0.00     1.00       0.0001    0.0000
      1.00      1505.39      0.00     1.00       0.0001    0.0000
      1.20      1505.33      0.00     1.00       0.0001    0.0000
      1.40      1505.30      0.00     1.00       0.0001    0.0000
      1.60      1505.29      0.00     1.00       0.0001    0.0000
      1.80      1505.28      0.00     1.00       0.0001    0.0000
      2.00      1505.28      0.00     1.00       0.0001    0.0000
      2.20      1505.28      0.00     1.00       0.0001    0.0000
      2.40      1505.28      0.00     1.00       0.0001    0.0000
      2.60      1505.28      0.00     1.00       0.0001    0.0000
      2.80      1505.28      0.00     1.00       0.0001    0.0000
      3.00      1505.28      0.00     1.00       0.0001    0.0000
      3.20      1505.28      0.00     1.00       0.0001    0.0000
      3.40      1505.28      0.00     1.00       0.0001    0.0000
      3.60      1505.28      0.00     1.00       0.0001    0.0000
      3.80      1505.28      0.00     1.00       0.0001    0.0000
      4.00      1505.28      0.00     1.00       0.0001    0.0000
      4.20      1505.28      0.00     1.00       0.0001    0.0000
      4.40      1505.28      0.00     1.00       0.0001    0.0000
      4.60      1505.28      0.00     1.00       0.0001    0.0000
      4.80      1505.28      0.00     1.00       0.0001    0.0000
      5.00      1505.29      0.00     1.00       0.0001    0.0000
      5.20      1505.29      0.00     1.00       0.0001    0.0000
      5.40      1505.29      0.00     1.00       0.0001    0.0000
      5.60      1505.29      0.00     1.00       0.0001    0.0000
      5.80      1505.29      0.00     1.00       0.0001    0.0000
      6.00      1505.29      0.00     1.00       0.0001    0.0000
      6.20      1505.28      0.00     1.00       0.0001    0.0000
      6.40      1505.28      0.00     1.00       0.0001    0.0000
      6.60      1505.28      0.00     1.00       0.0001    0.0000
      6.80      1505.28      0.00     1.00       0.0001    0.0000
      7.00      1505.28      0.00     1.00       0.0001    0.0000
      7.20      1505.28      0.00     1.00       0.0001    0.0000
      7.40      1505.28      0.00     1.00       0.0001    0.0000
      7.60      1505.28      0.00     1.00       0.0001    0.0000
      7.80      1505.28      0.00     1.00       0.0001    0.0000
      8.00      1505.27      0.00     1.00       0.0001    0.0000
      8.20      1505.26      0.00     1.00       0.0001    0.0000
      8.40      1505.25      0.00     1.00       0.0001    0.0000
      8.60      1505.24      0.00     1.00       0.0001    0.0000
      8.80      1505.23      0.00     1.00       0.0001    0.0000
      9.00      1505.22      0.00     1.00       0.0001    0.0000
      9.20      1505.19      0.00     1.00       0.0001    0.0000
      9.40      1505.15      0.00     1.00       0.0001    0.0000
      9.60      1505.11      0.00     1.00       0.0001    0.0000
      9.80      1505.05      0.00     1.00       0.0001    0.0000
     10.00      1504.97      0.00     1.00       0.0001    0.0000
     10.20      1504.90      0.00     1.00       0.0001    0.0000
     10.40      1504.79      0.00     1.00       0.0001    0.0000
     10.60      1504.66      0.00     1.00       0.0001    0.0000
     10.80      1504.52      0.00     1.00       0.0001    0.0000
     11.00      1504.39      0.00     1.00       0.0001    0.0000
     11.20      1504.18      0.00     1.00       0.0001    0.0000
     11.40      1503.97      0.00     1.00       0.0001    0.0000
     11.60      1503.76      0.00     1.00       0.0001    0.0000
     11.80      1503.62      0.00     1.00       0.0001    0.0000
     12.00      1503.47      0.00     1.00       0.0001    0.0000
     12.20      1503.33      0.00     1.00       0.0001    0.0000
     12.40      1503.21      0.00     1.00       0.0001    0.0000
     12.60      1503.12      0.00     1.00       0.0001    0.0000
     12.80      1503.02      0.00     1.00       0.0001    0.0000
     13.00      1502.92      0.00     1.00       0.0001    0.0000
     13.20      1502.81      0.00     1.00       0.0001    0.0000
     13.40      1502.71      0.00     1.00       0.0001    0.0000
     13.60      1502.60      0.00     1.00       0.0001    0.0000
     13.80      1502.45      0.00     1.00       0.0001    0.0000
     14.00      1502.29      0.00     1.00       0.0001    0.0000
     14.20      1502.14      0.00     1.00       0.0001    0.0000
     14.40      1502.04      0.00     1.00       0.0001    0.0000
     14.60      1501.94      0.00     1.00       0.0001    0.0000
     14.80      1501.84      0.00     1.00       0.0001    0.0000
     15.00      1501.76      0.00     1.00       0.0001    0.0000
     15.20      1501.70      0.00     1.00       0.0001    0.0000
     15.40      1501.63      0.00     1.00       0.0001    0.0000
     15.60      1501.57      0.00     1.00       0.0001    0.0000
     15.80      1501.50      0.00     1.00       0.0001    0.0000
     16.00      1501.44      0.00     1.00       0.0001    0.0000
     16.20      1501.37      0.00     1.00       0.0001    0.0000
     16.40      1501.21      0.00     1.00       0.0001    0.0000
     16.60      1501.06      0.00     1.00       0.0001    0.0000
     16.80      1500.90      0.00     1.00       0.0001    0.0000
     17.00      1500.76      0.00     1.00       0.0001    0.0000
     17.20      1500.63      0.00     1.00       0.0001    0.0000
     17.40      1500.49      0.00     1.00       0.0001    0.0000
     17.60      1500.37      0.00     1.00       0.0001    0.0000
     17.80      1500.28      0.00     1.00       0.0001    0.0000
     18.00      1500.18      0.00     1.00       0.0001    0.0000
     18.20      1500.10      0.00     1.00       0.0001    0.0000
     18.40      1500.05      0.00     1.00       0.0001    0.0000
     18.60      1500.00      0.00     1.00       0.0001    0.0000
     18.80      1499.95      0.00     1.00       0.0001    0.0000
     19.00      1499.80      0.00     1.00       0.0001    0.0000
     19.20      1499.64      0.00     1.00       0.0001    0.0000
     19.40      1499.49      0.00     1.00       0.0001    0.0000
     19.60      1499.29      0.00     1.00       0.0001    0.0000
     19.80      1499.10      0.00     1.00       0.0001    0.0000
     20.00      1498.90      0.00     1.00       0.0001    0.0000
     20.20      1498.76      0.00     1.00       0.0001    0.0000
     20.40      1498.61      0.00     1.00       0.0001    0.0000
     20.60      1498.47      0.00     1.00       0.0001    0.0000
     20.80      1498.23      0.00     1.00       0.0001    0.0000
     21.00      1497.89      0.00     1.00       0.0001    0.0000
     21.20      1497.55      0.00     1.00       0.0001    0.0000
     21.40      1497.05      0.00     1.00       0.0001    0.0000
     21.60      1496.39      0.00     1.00       0.0001    0.0000
     21.80      1495.74      0.00     1.00       0.0001    0.0000
     22.00      1495.08      0.00     1.00       0.0001    0.0000
     22.20      1494.57      0.00     1.00       0.0001    0.0000
     22.40      1494.07      0.00     1.00       0.0001    0.0000
     22.60      1493.56      0.00     1.00       0.0001    0.0000
     22.80      1493.33      0.00     1.00       0.0001    0.0000
     23.00      1493.10      0.00     1.00       0.0001    0.0000
     23.20      1492.87      0.00     1.00       0.0001    0.0000
     23.40      1492.65      0.00     1.00       0.0001    0.0000
     23.60      1492.44      0.00     1.00       0.0001    0.0000
     23.80      1492.22      0.00     1.00       0.0001    0.0000
     24.00      1492.02      0.00     1.00       0.0001    0.0000
     24.20      1491.84      0.00     1.00       0.0001    0.0000
     24.40      1491.66      0.00     1.00       0.0001    0.0000
     24.60      1491.48      0.00     1.00       0.0001    0.0000
     24.80      1491.34      0.00     1.00       0.0001    0.0000
     25.00      1491.21      0.00     1.00       0.0001    0.0000
     25.20      1491.07      0.00     1.00       0.0001    0.0000
     25.40      1491.02      0.00     1.00       0.0001    0.0000
     25.60      1490.96      0.00     1.00       0.0001    0.0000
     25.80      1490.91      0.00     1.00       0.0001    0.0000
     26.00      1490.85      0.00     1.00       0.0001    0.0000
     26.20      1490.80      0.00     1.00       0.0001    0.0000
     26.40      1490.74      0.00     1.00       0.0001    0.0000
     26.60      1490.65      0.00     1.00       0.0001    0.0000
     26.80      1490.53      0.00     1.00       0.0001    0.0000
     27.00      1490.41      0.00     1.00       0.0001    0.0000
     27.20      1490.24      0.00     1.00       0.0001    0.0000
     27.40      1490.02      0.00     1.00       0.0001    0.0000
     27.60      1489.81      0.00     1.00       0.0001    0.0000
     27.80      1489.59      0.00     1.00       0.0001    0.0000
     28.00      1489.25      0.00     1.00       0.0001    0.0000
     28.20      1488.92      0.00     1.00       0.0001    0.0000
     28.40      1488.58      0.00     1.00       0.0001    0.0000
     28.60      1488.29      0.00     1.00       0.0001    0.0000
     28.80      1487.99      0.00     1.00       0.0001    0.0000
     29.00      1487.70      0.00     1.00       0.0001    0.0000
     29.20      1487.40      0.00     1.00       0.0001    0.0000
     29.40      1487.11      0.00     1.00       0.0001    0.0000
     29.60      1486.81      0.00     1.00       0.0001    0.0000
     29.80      1486.54      0.00     1.00       0.0001    0.0000
     30.00      1486.30      0.00     1.00       0.0001    0.0000
     30.20      1486.07      0.00     1.00       0.0001    0.0000
     30.40      1485.83      0.00     1.00       0.0001    0.0000
     30.60      1485.51      0.00     1.00       0.0001    0.0000
     30.80      1485.19      0.00     1.00       0.0001    0.0000
     31.00      1484.87      0.00     1.00       0.0001    0.0000
     31.20      1484.60      0.00     1.00       0.0001    0.0000
     31.40      1484.34      0.00     1.00       0.0001    0.0000
     31.60      1484.07      0.00     1.00       0.0001    0.0000
     31.80      1483.80      0.00     1.00       0.0001    0.0000
     32.00      1483.51      0.00     1.00       0.0001    0.0000
     32.20      1483.22      0.00     1.00       0.0001    0.0000
     32.40      1482.86      0.00     1.00       0.0001    0.0000
     32.60      1482.42      0.00     1.00       0.0001    0.0000
     32.80      1481.97      0.00     1.00       0.0001    0.0000
     33.00      1481.53      0.00     1.00       0.0001    0.0000
     33.20      1481.12      0.00     1.00       0.0001    0.0000
     33.40      1480.71      0.00     1.00       0.0001    0.0000
     33.60      1480.30      0.00     1.00       0.0001    0.0000
     33.80      1480.10      0.00     1.00       0.0001    0.0000
     34.00      1479.89      0.00     1.00       0.0001    0.0000
     34.20      1479.69      0.00     1.00       0.0001    0.0000
     34.40      1479.58      0.00     1.00       0.0001    0.0000
     34.60      1479.48      0.00     1.00       0.0001    0.0000
     34.80      1479.37      0.00     1.00       0.0001    0.0000
     35.00      1479.29      0.00     1.00       0.0001    0.0000
     35.20      1479.23      0.00     1.00       0.0001    0.0000
     35.40      1479.16      0.00     1.00       0.0001    0.0000
     35.60      1479.12      0.00     1.00       0.0001    0.0000
     35.80      1479.09      0.00     1.00       0.0001    0.0000
     36.00      1479.07      0.00     1.00       0.0001    0.0000
     36.20      1479.04      0.00     1.00       0.0001    0.0000
     36.40      1479.01      0.00     1.00       0.0001    0.0000
     36.60      1478.99      0.00     1.00       0.0001    0.0000
     36.80      1478.96      0.00     1.00       0.0001    0.0000
     37.00      1478.92      0.00     1.00       0.0001    0.0000
     37.20      1478.89      0.00     1.00       0.0001    0.0000
     37.40      1478.85      0.00     1.00       0.0001    0.0000
     37.60      1478.79      0.00     1.00       0.0001    0.0000
     37.80      1478.70      0.00     1.00       0.0001    0.0000
     38.00      1478.61      0.00     1.00       0.0001    0.0000
     38.20      1478.51      0.00     1.00       0.0001    0.0000
     38.40      1478.40      0.00     1.00       0.0001    0.0000
     38.60      1478.30      0.00     1.00       0.0001    0.0000
     38.80      1478.19      0.00     1.00       0.0001    0.0000
     39.00      1478.03      0.00     1.00       0.0001    0.0000
     39.20      1477.87      0.00     1.00       0.0001    0.0000
     39.40      1477.71      0.00     1.00       0.0001    0.0000
     39.60      1477.48      0.00     1.00       0.0001    0.0000
     39.80      1477.26      0.00     1.00       0.0001    0.0000
     40.00      1477.03      0.00     1.00       0.0001    0.0000
     40.20      1476.84      0.00     1.00       0.0001    0.0000
     40.40      1476.64      0.00     1.00       0.0001    0.0000
     40.60      1476.45      0.00     1.00       0.0001    0.0000
     40.80      1476.26      0.00     1.00       0.0001    0.0000
     41.00      1476.07      0.00     1.00       0.0001    0.0000
     41.20      1475.88      0.00     1.00       0.0001    0.0000
     41.40      1475.71      0.00     1.00       0.0001    0.0000
     41.60      1475.54      0.00     1.00       0.0001    0.0000
     41.80      1475.37      0.00     1.00       0.0001    0.0000
     42.00      1475.20      0.00     1.00       0.0001    0.0000
     42.20      1475.05      0.00     1.00       0.0001    0.0000
     42.40      1474.89      0.00     1.00       0.0001    0.0000
     42.60      1474.74      0.00     1.00       0.0001    0.0000
     42.80      1474.66      0.00     1.00       0.0001    0.0000
     43.00      1474.57      0.00     1.00       0.0001    0.0000
     43.20      1474.49      0.00     1.00       0.0001    0.0000
     43.40      1474.42      0.00     1.00       0.0001    0.0000
     43.60      1474.35      0.00     1.00       0.0001    0.0000
     43.80      1474.28      0.00     1.00       0.0001    0.0000
     44.00      1474.21      0.00     1.00       0.0001    0.0000
     44.20      1474.15      0.00     1.00       0.0001    0.0000
     44.40      1474.09      0.00     1.00       0.0001    0.0000
     44.60      1474.03      0.00     1.00       0.0001    0.0000
     44.80      1473.92      0.00     1.00       0.0001    0.0000
     45.00      1473.81      0.00     1.00       0.0001    0.0000
     45.20      1473.70      0.00     1.00       0.0001    0.0000
     45.40      1473.60      0.00     1.00       0.0001    0.0000
     45.60      1473.51      0.00     1.00       0.0001    0.0000
     45.80      1473.41      0.00     1.00       0.0001    0.0000
     46.00      1473.36      0.00     1.00       0.0001    0.0000
     46.20      1473.32      0.00     1.00       0.0001    0.0000
     46.40      1473.27      0.00     1.00       0.0001    0.0000
     46.60      1473.23      0.00     1.00       0.0001    0.0000
     46.80      1473.20      0.00     1.00       0.0001    0.0000
     47.00      1473.17      0.00     1.00       0.0001    0.0000
     47.20      1473.14      0.00     1.00       0.0001    0.0000
     47.40      1473.11      0.00     1.00       0.0001    0.0000
     47.60      1473.08      0.00     1.00       0.0001    0.0000
     47.80      1473.05      0.00     1.00       0.0001    0.0000
     48.00      1473.04      0.00     1.00       0.0001    0.0000
     48.20      1473.03      0.00     1.00       0.0001    0.0000
     48.40      1473.02      0.00     1.00       0.0001    0.0000
     48.60      1473.02      0.00     1.00       0.0001    0.0000
     48.80      1473.01      0.00     1.00       0.0001    0.0000
     49.00      1473.01      0.00     1.00       0.0001    0.0000
     49.20      1473.01      0.00     1.00       0.0001    0.0000
     49.40      1473.00      0.00     1.00       0.0001    0.0000
     49.60      1472.99      0.00     1.00       0.0001    0.0000
     49.80      1472.99      0.00     1.00       0.0001    0.0000
     50.00      1472.98      0.00     1.00       0.0001    0.0000
     50.20      1472.98      0.00     1.00       0.0001    0.0000
     50.40      1472.97      0.00     1.00       0.0001    0.0000
     50.60      1472.97      0.00     1.00       0.0001    0.0000
     50.80      1472.96      0.00     1.00       0.0001    0.0000
     51.00      1472.96      0.00     1.00       0.0001    0.0000
     51.20      1472.96      0.00     1.00       0.0001    0.0000
     51.40      1472.95      0.00     1.00       0.0001    0.0000
     51.60      1472.95      0.00     1.00       0.0001    0.0000
     51.80      1472.95      0.00     1.00       0.0001    0.0000
     52.00      1472.94      0.00     1.00       0.0001    0.0000
     52.20      1472.94      0.00     1.00       0.0001    0.0000
     52.40      1472.94      0.00     1.00       0.0001    0.0000
     52.60      1472.93      0.00     1.00       0.0001    0.0000
     52.80      1472.92      0.00     1.00       0.0001    0.0000
     53.00      1472.92      0.00     1.00       0.0001    0.0000
     53.20      1472.91      0.00     1.00       0.0001    0.0000
     53.40      1472.91      0.00     1.00       0.0001    0.0000
     53.60      1472.90      0.00     1.00       0.0001    0.0000
     53.80      1472.89      0.00     1.00       0.0001    0.0000
     54.00      1472.89      0.00     1.00       0.0001    0.0000
     54.20      1472.88      0.00     1.00       0.0001    0.0000
     54.40      1472.87      0.00     1.00       0.0001    0.0000
     54.60      1472.87      0.00     1.00       0.0001    0.0000
     54.80      1472.86      0.00     1.00       0.0001    0.0000
     55.00      1472.86      0.00     1.00       0.0001    0.0000
     55.20      1472.86      0.00     1.00       0.0001    0.0000
     55.40      1472.86      0.00     1.00       0.0001    0.0000
     55.60      1472.86      0.00     1.00       0.0001    0.0000
     55.80      1472.85      0.00     1.00       0.0001    0.0000
     56.00      1472.84      0.00     1.00       0.0001    0.0000
     56.20      1472.83      0.00     1.00       0.0001    0.0000
     56.40      1472.81      0.00     1.00       0.0001    0.0000
     56.60      1472.78      0.00     1.00       0.0001    0.0000
     56.80      1472.76      0.00     1.00       0.0001    0.0000
     57.00      1472.73      0.00     1.00       0.0001    0.0000
     57.20      1472.70      0.00     1.00       0.0001    0.0000
     57.40      1472.67      0.00     1.00       0.0001    0.0000
     57.60      1472.63      0.00     1.00       0.0001    0.0000
     57.80      1472.58      0.00     1.00       0.0001    0.0000
     58.00      1472.54      0.00     1.00       0.0001    0.0000
     58.20      1472.49      0.00     1.00       0.0001    0.0000
     58.40      1472.43      0.00     1.00       0.0001    0.0000
     58.60      1472.36      0.00     1.00       0.0001    0.0000
     58.80      1472.31      0.00     1.00       0.0001    0.0000
     59.00      1472.27      0.00     1.00       0.0001    0.0000
     59.20      1472.22      0.00     1.00       0.0001    0.0000
     59.40      1472.18      0.00     1.00       0.0001    0.0000
     59.60      1472.15      0.00     1.00       0.0001    0.0000
     59.80      1472.13      0.00     1.00       0.0001    0.0000
     60.00      1472.10      0.00     1.00       0.0001    0.0000
     60.20      1472.09      0.00     1.00       0.0001    0.0000
     60.40      1472.08      0.00     1.00       0.0001    0.0000
     60.60      1472.07      0.00     1.00       0.0001    0.0000
     60.80      1472.06      0.00     1.00       0.0001    0.0000
     61.00      1472.05      0.00     1.00       0.0001    0.0000
     61.20      1472.04      0.00     1.00       0.0001    0.0000
     61.40      1472.04      0.00     1.00       0.0001    0.0000
     61.60      1472.03      0.00     1.00       0.0001    0.0000
     61.80      1472.02      0.00     1.00       0.0001    0.0000
     62.00      1472.01      0.00     1.00       0.0001    0.0000
     62.20      1472.00      0.00     1.00       0.0001    0.0000
     62.40      1472.00      0.00     1.00       0.0001    0.0000
     62.60      1471.99      0.00     1.00       0.0001    0.0000
     62.80      1471.99      0.00     1.00       0.0001    0.0000
     63.00      1471.98      0.00     1.00       0.0001    0.0000
     63.20      1471.98      0.00     1.00       0.0001    0.0000
     63.40      1471.97      0.00     1.00       0.0001    0.0000
     63.60      1471.96      0.00     1.00       0.0001    0.0000
     63.80      1471.95      0.00     1.00       0.0001    0.0000
     64.00      1471.93      0.00     1.00       0.0001    0.0000
     64.20      1471.92      0.00     1.00       0.0001    0.0000
     64.40      1471.90      0.00     1.00       0.0001    0.0000
     64.60      1471.89      0.00     1.00       0.0001    0.0000
     64.80      1471.88      0.00     1.00       0.0001    0.0000
     65.00      1471.87      0.00     1.00       0.0001    0.0000
     65.20      1471.87      0.00     1.00       0.0001    0.0000
     65.40      1471.87      0.00     1.00       0.0001    0.0000
     65.60      1471.87      0.00     1.00       0.0001    0.0000
     65.80      1471.87      0.00     1.00       0.0001    0.0000
     66.00      1471.87      0.00     1.00       0.0001    0.0000
     66.20      1471.87      0.00     1.00       0.0001    0.0000
     66.40      1471.87      0.00     1.00       0.0001    0.0000
     66.60      1471.87      0.00     1.00       0.0001    0.0000
     66.80      1471.86      0.00     1.00       0.0001    0.0000
     67.00      1471.86      0.00     1.00       0.0001    0.0000
     67.20      1471.86      0.00     1.00       0.0001    0.0000
     67.40      1471.86      0.00     1.00       0.0001    0.0000
     67.60      1471.85      0.00     1.00       0.0001    0.0000
     67.80      1471.85      0.00     1.00       0.0001    0.0000
     68.00      1471.85      0.00     1.00       0.0001    0.0000
     68.20      1471.86      0.00     1.00       0.0001    0.0000
     68.40      1471.86      0.00     1.00       0.0001    0.0000
     68.60      1471.86      0.00     1.00       0.0001    0.0000
     68.80      1471.85      0.00     1.00       0.0001    0.0000
     69.00      1471.85      0.00     1.00       0.0001    0.0000
     69.20      1471.85      0.00     1.00       0.0001    0.0000
     69.40      1471.84      0.00     1.00       0.0001    0.0000
     69.60      1471.84      0.00     1.00       0.0001    0.0000
     69.80      1471.84      0.00     1.00       0.0001    0.0000
     70.00      1471.85      0.00     1.00       0.0001    0.0000
     70.20      1471.85      0.00     1.00       0.0001    0.0000
     70.40      1471.85      0.00     1.00       0.0001    0.0000
     70.60      1471.85      0.00     1.00       0.0001    0.0000
     70.80      1471.85      0.00     1.00       0.0001    0.0000
     71.00      1471.85      0.00     1.00       0.0001    0.0000
     71.20      1471.85      0.00     1.00       0.0001    0.0000
     71.40      1471.84      0.00     1.00       0.0001    0.0000
     71.60      1471.84      0.00     1.00       0.0001    0.0000
     71.80      1471.84      0.00     1.00       0.0001    0.0000
     72.00      1471.83      0.00     1.00       0.0001    0.0000
     72.20      1471.83      0.00     1.00       0.0001    0.0000
     72.40      1471.82      0.00     1.00       0.0001    0.0000
     72.60      1471.81      0.00     1.00       0.0001    0.0000
     72.80      1471.80      0.00     1.00       0.0001    0.0000
     73.00      1471.80      0.00     1.00       0.0001    0.0000
     73.20      1471.79      0.00     1.00       0.0001    0.0000
     73.40      1471.78      0.00     1.00       0.0001    0.0000
     73.60      1471.78      0.00     1.00       0.0001    0.0000
     73.80      1471.77      0.00     1.00       0.0001    0.0000
     74.00      1471.76      0.00     1.00       0.0001    0.0000
     74.20      1471.76      0.00     1.00       0.0001    0.0000
     74.40      1471.76      0.00     1.00       0.0001    0.0000
     74.60      1471.75      0.00     1.00       0.0001    0.0000
     74.80      1471.75      0.00     1.00       0.0001    0.0000
     75.00      1471.75      0.00     1.00       0.0001    0.0000
     75.20      1471.75      0.00     1.00       0.0001    0.0000
     75.40      1471.75      0.00     1.00       0.0001    0.0000
     75.60      1471.75      0.00     1.00       0.0001    0.0000
     75.80      1471.74      0.00     1.00       0.0001    0.0000
     76.00      1471.74      0.00     1.00       0.0001    0.0000
     76.20      1471.74      0.00     1.00       0.0001    0.0000
     76.40      1471.74      0.00     1.00       0.0001    0.0000
     76.60      1471.73      0.00     1.00       0.0001    0.0000
     76.80      1471.72      0.00     1.00       0.0001    0.0000
     77.00      1471.71      0.00     1.00       0.0001    0.0000
     77.20      1471.70      0.00     1.00       0.0001    0.0000
     77.40      1471.69      0.00     1.00       0.0001    0.0000
     77.60      1471.68      0.00     1.00       0.0001    0.0000
     77.80      1471.66      0.00     1.00       0.0001    0.0000
     78.00      1471.65      0.00     1.00       0.0001    0.0000
     78.20      1471.64      0.00     1.00       0.0001    0.0000
     78.40      1471.63      0.00     1.00       0.0001    0.0000
     78.60      1471.62      0.00     1.00       0.0001    0.0000
     78.80      1471.59      0.00     1.00       0.0001    0.0000
     79.00      1471.57      0.00     1.00       0.0001    0.0000
     79.20      1471.54      0.00     1.00       0.0001    0.0000
     79.40      1471.51      0.00     1.00       0.0001    0.0000
     79.60      1471.48      0.00     1.00       0.0001    0.0000
     79.80      1471.44      0.00     1.00       0.0001    0.0000
     80.00      1471.41      0.00     1.00       0.0001    0.0000
     80.20      1471.40      0.00     1.00       0.0001    0.0000
     80.40      1471.38      0.00     1.00       0.0001    0.0000
     80.60      1471.37      0.00     1.00       0.0001    0.0000
     80.80      1471.36      0.00     1.00       0.0001    0.0000
     81.00      1471.36      0.00     1.00       0.0001    0.0000
     81.20      1471.35      0.00     1.00       0.0001    0.0000
     81.40      1471.32      0.00     1.00       0.0001    0.0000
     81.60      1471.30      0.00     1.00       0.0001    0.0000
     81.80      1471.27      0.00     1.00       0.0001    0.0000
     82.00      1471.25      0.00     1.00       0.0001    0.0000
     82.20      1471.24      0.00     1.00       0.0001    0.0000
     82.40      1471.22      0.00     1.00       0.0001    0.0000
     82.60      1471.21      0.00     1.00       0.0001    0.0000
     82.80      1471.20      0.00     1.00       0.0001    0.0000
     83.00      1471.19      0.00     1.00       0.0001    0.0000
     83.20      1471.19      0.00     1.00       0.0001    0.0000
     83.40      1471.19      0.00     1.00       0.0001    0.0000
     83.60      1471.20      0.00     1.00       0.0001    0.0000
     83.80      1471.20      0.00     1.00       0.0001    0.0000
     84.00      1471.20      0.00     1.00       0.0001    0.0000
     84.20      1471.21      0.00     1.00       0.0001    0.0000
     84.40      1471.21      0.00     1.00       0.0001    0.0000
     84.60      1471.21      0.00     1.00       0.0001    0.0000
     84.80      1471.21      0.00     1.00       0.0001    0.0000
     85.00      1471.21      0.00     1.00       0.0001    0.0000
     85.20      1471.21      0.00     1.00       0.0001    0.0000
     85.40      1471.21      0.00     1.00       0.0001    0.0000
     85.60      1471.22      0.00     1.00       0.0001    0.0000
     85.80      1471.22      0.00     1.00       0.0001    0.0000
     86.00      1471.23      0.00     1.00       0.0001    0.0000
     86.20      1471.23      0.00     1.00       0.0001    0.0000
     86.40      1471.23      0.00     1.00       0.0001    0.0000
     86.60      1471.23      0.00     1.00       0.0001    0.0000
     86.80      1471.22      0.00     1.00       0.0001    0.0000
     87.00      1471.22      0.00     1.00       0.0001    0.0000
     87.20      1471.22      0.00     1.00       0.0001    0.0000
     87.40      1471.23      0.00     1.00       0.0001    0.0000
     87.60      1471.23      0.00     1.00       0.0001    0.0000
     87.80      1471.23      0.00     1.00       0.0001    0.0000
     88.00      1471.24      0.00     1.00       0.0001    0.0000
     88.20      1471.24      0.00     1.00       0.0001    0.0000
     88.40      1471.24      0.00     1.00       0.0001    0.0000
     88.60      1471.24      0.00     1.00       0.0001    0.0000
     88.80      1471.25      0.00     1.00       0.0001    0.0000
     89.00      1471.25      0.00     1.00       0.0001    0.0000
     89.20      1471.25      0.00     1.00       0.0001    0.0000
     89.40      1471.25      0.00     1.00       0.0001    0.0000
     89.60      1471.25      0.00     1.00       0.0001    0.0000
     89.80      1471.24      0.00     1.00       0.0001    0.0000
     90.00      1471.24      0.00     1.00       0.0001    0.0000
     90.20      1471.23      0.00     1.00       0.0001    0.0000
     90.40      1471.21      0.00     1.00       0.0001    0.0000
     90.60      1471.20      0.00     1.00       0.0001    0.0000
     90.80      1471.18      0.00     1.00       0.0001    0.0000
     91.00      1471.17      0.00     1.00       0.0001    0.0000
     91.20      1471.16      0.00     1.00       0.0001    0.0000
     91.40      1471.15      0.00     1.00       0.0001    0.0000
     91.60      1471.14      0.00     1.00       0.0001    0.0000
     91.80      1471.13      0.00     1.00       0.0001    0.0000
     92.00      1471.12      0.00     1.00       0.0001    0.0000
     92.20      1471.11      0.00     1.00       0.0001    0.0000
     92.40      1471.10      0.00     1.00       0.0001    0.0000
     92.60      1471.09      0.00     1.00       0.0001    0.0000
     92.80      1471.08      0.00     1.00       0.0001    0.0000
     93.00      1471.07      0.00     1.00       0.0001    0.0000
     93.20      1471.06      0.00     1.00       0.0001    0.0000
     93.40      1471.05      0.00     1.00       0.0001    0.0000
     93.60      1471.04      0.00     1.00       0.0001    0.0000
     93.80      1471.02      0.00     1.00       0.0001    0.0000
     94.00      1471.01      0.00     1.00       0.0001    0.0000
     94.20      1471.01      0.00     1.00       0.0001    0.0000
     94.40      1471.00      0.00     1.00       0.0001    0.0000
     94.60      1471.00      0.00     1.00       0.0001    0.0000
     94.80      1471.00      0.00     1.00       0.0001    0.0000
     95.00      1470.99      0.00     1.00       0.0001    0.0000
     95.20      1470.98      0.00     1.00       0.0001    0.0000
     95.40      1470.98      0.00     1.00       0.0001    0.0000
     95.60      1470.98      0.00     1.00       0.0001    0.0000
     95.80      1470.98      0.00     1.00       0.0001    0.0000
     96.00      1470.98      0.00     1.00       0.0001    0.0000
     96.20      1470.98      0.00     1.00       0.0001    0.0000
     96.40      1470.98      0.00     1.00       0.0001    0.0000
     96.60      1470.98      0.00     1.00       0.0001    0.0000
     96.80      1470.98      0.00     1.00       0.0001    0.0000
     97.00      1470.99      0.00     1.00       0.0001    0.0000
     97.20      1470.99      0.00     1.00       0.0001    0.0000
     97.40      1470.99      0.00     1.00       0.0001    0.0000
     97.60      1470.99      0.00     1.00       0.0001    0.0000
     97.80      1470.99      0.00     1.00       0.0001    0.0000
     98.00      1470.99      0.00     1.00       0.0001    0.0000
     98.20      1470.99      0.00     1.00       0.0001    0.0000
     98.40      1470.99      0.00     1.00       0.0001    0.0000
     98.60      1470.99      0.00     1.00       0.0001    0.0000
     98.80      1470.99      0.00     1.00       0.0001    0.0000
     99.00      1470.98      0.00     1.00       0.0001    0.0000
     99.20      1470.98      0.00     1.00       0.0001    0.0000
     99.40      1470.98      0.00     1.00       0.0001    0.0000
     99.60      1470.98      0.00     1.00       0.0001    0.0000
     99.80      1470.98      0.00     1.00       0.0001    0.0000
    100.00      1470.98      0.00     1.00       0.0001    0.0000
    100.20      1470.98      0.00     1.00       0.0001    0.0000
    100.40      1470.98      0.00     1.00       0.0001    0.0000
    100.60      1470.98      0.00     1.00       0.0001    0.0000
    100.80      1470.99      0.00     1.00       0.0001    0.0000
    101.00      1470.99      0.00     1.00       0.0001    0.0000
    101.20      1470.99      0.00     1.00       0.0001    0.0000
    101.40      1470.99      0.00     1.00       0.0001    0.0000
    101.60      1470.99      0.00     1.00       0.0001    0.0000
    101.80      1470.99      0.00     1.00       0.0001    0.0000
    102.00      1470.99      0.00     1.00       0.0001    0.0000
    102.20      1471.00      0.00     1.00       0.0001    0.0000
    102.40      1471.00      0.00     1.00       0.0001    0.0000
    102.60      1471.00      0.00     1.00       0.0001    0.0000
    102.80      1471.00      0.00     1.00       0.0001    0.0000
    103.00      1471.00      0.00     1.00       0.0001    0.0000
    103.20      1471.00      0.00     1.00       0.0001    0.0000
    103.40      1470.99      0.00     1.00       0.0001    0.0000
    103.60      1470.99      0.00     1.00       0.0001    0.0000
    103.80      1470.99      0.00     1.00       0.0001    0.0000
    104.00      1470.99      0.00     1.00       0.0001    0.0000
    104.20      1470.99      0.00     1.00       0.0001    0.0000
    104.40      1470.99      0.00     1.00       0.0001    0.0000
    104.60      1470.99      0.00     1.00       0.0001    0.0000
    104.80      1470.99      0.00     1.00       0.0001    0.0000
    105.00      1470.99      0.00     1.00       0.0001    0.0000
    105.20      1470.99      0.00     1.00       0.0001    0.0000
    105.40      1470.99      0.00     1.00       0.0001    0.0000
    105.60      1470.99      0.00     1.00       0.0001    0.0000
    105.80      1470.99      0.00     1.00       0.0001    0.0000
    106.00      1471.00      0.00     1.00       0.0001    0.0000
    106.20      1471.00      0.00     1.00       0.0001    0.0000
    106.40      1471.00      0.00     1.00       0.0001    0.0000
    106.60      1471.00      0.00     1.00       0.0001    0.0000
    106.80      1471.00      0.00     1.00       0.0001    0.0000
    107.00      1471.00      0.00     1.00       0.0001    0.0000
    107.20      1471.00      0.00     1.00       0.0001    0.0000
    107.40      1471.00      0.00     1.00       0.0001    0.0000
    107.60      1471.00      0.00     1.00       0.0001    0.0000
    107.80      1471.00      0.00     1.00       0.0001    0.0000
    108.00      1470.99      0.00     1.00       0.0001    0.0000
    108.20      1470.99      0.00     1.00       0.0001    0.0000
    108.40      1470.99      0.00     1.00       0.0001    0.0000
    108.60      1470.98      0.00     1.00       0.0001    0.0000
    108.80      1470.98      0.00     1.00       0.0001    0.0000
    109.00      1470.98      0.00     1.00       0.0001    0.0000
    109.20      1470.99      0.00     1.00       0.0001    0.0000
    109.40      1470.99      0.00     1.00       0.0001    0.0000
    109.60      1470.99      0.00     1.00       0.0001    0.0000
    109.80      1470.99      0.00     1.00       0.0001    0.0000
    110.00      1470.99      0.00     1.00       0.0001    0.0000
    110.20      1470.99      0.00     1.00       0.0001    0.0000
    110.40      1470.99      0.00     1.00       0.0001    0.0000
    110.60      1470.99      0.00     1.00       0.0001    0.0000
    110.80      1470.99      0.00     1.00       0.0001    0.0000
    111.00      1471.00      0.00     1.00       0.0001    0.0000
    111.20      1471.00      0.00     1.00       0.0001    0.0000
    111.40      1471.00      0.00     1.00       0.0001    0.0000
    111.60      1471.00      0.00     1.00       0.0001    0.0000
    111.80      1470.99      0.00     1.00       0.0001    0.0000
    112.00      1470.99      0.00     1.00       0.0001    0.0000
    112.20      1470.99      0.00     1.00       0.0001    0.0000
    112.40      1470.99      0.00     1.00       0.0001    0.0000
    112.60      1470.99      0.00     1.00       0.0001    0.0000
    112.80      1470.99      0.00     1.00       0.0001    0.0000
    113.00      1471.00      0.00     1.00       0.0001    0.0000
    113.20      1471.00      0.00     1.00       0.0001    0.0000
    113.40      1471.00      0.00     1.00       0.0001    0.0000
    113.60      1471.00      0.00     1.00       0.0001    0.0000
    113.80      1471.00      0.00     1.00       0.0001    0.0000
    114.00      1471.00      0.00     1.00       0.0001    0.0000
    114.20      1471.01      0.00     1.00       0.0001    0.0000
    114.40      1471.02      0.00     1.00       0.0001    0.0000
    114.60      1471.02      0.00     1.00       0.0001    0.0000
    114.80      1471.02      0.00     1.00       0.0001    0.0000
    115.00      1471.02      0.00     1.00       0.0001    0.0000
    115.20      1471.02      0.00     1.00       0.0001    0.0000
    115.40      1471.02      0.00     1.00       0.0001    0.0000
    115.60      1471.03      0.00     1.00       0.0001    0.0000
    115.80      1471.03      0.00     1.00       0.0001    0.0000
    116.00      1471.03      0.00     1.00       0.0001    0.0000
    116.20      1471.03      0.00     1.00       0.0001    0.0000
    116.40      1471.03      0.00     1.00       0.0001    0.0000
    116.60      1471.03      0.00     1.00       0.0001    0.0000
    116.80      1471.04      0.00     1.00       0.0001    0.0000
    117.00      1471.04      0.00     1.00       0.0001    0.0000
    117.20      1471.05      0.00     1.00       0.0001    0.0000
    117.40      1471.06      0.00     1.00       0.0001    0.0000
    117.60      1471.07      0.00     1.00       0.0001    0.0000
    117.80      1471.08      0.00     1.00       0.0001    0.0000
    118.00      1471.09      0.00     1.00       0.0001    0.0000
    118.20      1471.10      0.00     1.00       0.0001    0.0000
    118.40      1471.11      0.00     1.00       0.0001    0.0000
    118.60      1471.12      0.00     1.00       0.0001    0.0000
    118.80      1471.13      0.00     1.00       0.0001    0.0000
    119.00      1471.14      0.00     1.00       0.0001    0.0000
    119.20      1471.15      0.00     1.00       0.0001    0.0000
    119.40      1471.16      0.00     1.00       0.0001    0.0000
    119.60      1471.17      0.00     1.00       0.0001    0.0000
    119.80      1471.17      0.00     1.00       0.0001    0.0000
    120.00      1471.17      0.00     1.00       0.0001    0.0000
    120.20      1471.17      0.00     1.00       0.0001    0.0000
    120.40      1471.16      0.00     1.00       0.0001    0.0000
    120.60      1471.15      0.00     1.00       0.0001    0.0000
    120.80      1471.14      0.00     1.00       0.0001    0.0000
    121.00      1471.13      0.00     1.00       0.0001    0.0000
    121.20      1471.14      0.00     1.00       0.0001    0.0000
    121.40      1471.14      0.00     1.00       0.0001    0.0000
    121.60      1471.14      0.00     1.00       0.0001    0.0000
    121.80      1471.15      0.00     1.00       0.0001    0.0000
    122.00      1471.15      0.00     1.00       0.0001    0.0000
    122.20      1471.16      0.00     1.00       0.0001    0.0000
    122.40      1471.16      0.00     1.00       0.0001    0.0000
    122.60      1471.17      0.00     1.00       0.0001    0.0000
    122.80      1471.17      0.00     1.00       0.0001    0.0000
    123.00      1471.18      0.00     1.00       0.0001    0.0000
    123.20      1471.18      0.00     1.00       0.0001    0.0000
    123.40      1471.19      0.00     1.00       0.0001    0.0000
    123.60      1471.19      0.00     1.00       0.0001    0.0000
    123.80      1471.20      0.00     1.00       0.0001    0.0000
    124.00      1471.20      0.00     1.00       0.0001    0.0000
    124.20      1471.19      0.00     1.00       0.0001    0.0000
    124.40      1471.17      0.00     1.00       0.0001    0.0000
    124.60      1471.15      0.00     1.00       0.0001    0.0000
    124.80      1471.13      0.00     1.00       0.0001    0.0000
    125.00      1471.11      0.00     1.00       0.0001    0.0000
    125.20      1471.08      0.00     1.00       0.0001    0.0000
    125.40      1471.06      0.00     1.00       0.0001    0.0000
    125.60      1471.02      0.00     1.00       0.0001    0.0000
    125.80      1470.98      0.00     1.00       0.0001    0.0000
    126.00      1470.94      0.00     1.00       0.0001    0.0000
    126.20      1470.91      0.00     1.00       0.0001    0.0000
    126.40      1470.88      0.00     1.00       0.0001    0.0000
    126.60      1470.85      0.00     1.00       0.0001    0.0000
    126.80      1470.83      0.00     1.00       0.0001    0.0000
    127.00      1470.81      0.00     1.00       0.0001    0.0000
    127.20      1470.78      0.00     1.00       0.0001    0.0000
    127.40      1470.77      0.00     1.00       0.0001    0.0000
    127.60      1470.76      0.00     1.00       0.0001    0.0000
    127.80      1470.75      0.00     1.00       0.0001    0.0000
    128.00      1470.75      0.00     1.00       0.0001    0.0000
    128.20      1470.75      0.00     1.00       0.0001    0.0000
    128.40      1470.75      0.00     1.00       0.0001    0.0000
    128.60      1470.75      0.00     1.00       0.0001    0.0000
    128.80      1470.75      0.00     1.00       0.0001    0.0000
    129.00      1470.76      0.00     1.00       0.0001    0.0000
    129.20      1470.76      0.00     1.00       0.0001    0.0000
    129.40      1470.76      0.00     1.00       0.0001    0.0000
    129.60      1470.77      0.00     1.00       0.0001    0.0000
    129.80      1470.77      0.00     1.00       0.0001    0.0000
    130.00      1470.77      0.00     1.00       0.0001    0.0000
    130.20      1470.78      0.00     1.00       0.0001    0.0000
    130.40      1470.79      0.00     1.00       0.0001    0.0000
    130.60      1470.80      0.00     1.00       0.0001    0.0000
    130.80      1470.81      0.00     1.00       0.0001    0.0000
    131.00      1470.82      0.00     1.00       0.0001    0.0000
    131.20      1470.83      0.00     1.00       0.0001    0.0000
    131.40      1470.84      0.00     1.00       0.0001    0.0000
    131.60      1470.85      0.00     1.00       0.0001    0.0000
    131.80      1470.86      0.00     1.00       0.0001    0.0000
    132.00      1470.87      0.00     1.00       0.0001    0.0000
    132.20      1470.88      0.00     1.00       0.0001    0.0000
    132.40      1470.89      0.00     1.00       0.0001    0.0000
    132.60      1470.90      0.00     1.00       0.0001    0.0000
    132.80      1470.91      0.00     1.00       0.0001    0.0000
    133.00      1470.92      0.00     1.00       0.0001    0.0000
    133.20      1470.93      0.00     1.00       0.0001    0.0000
    133.40      1470.93      0.00     1.00       0.0001    0.0000
    133.60      1470.94      0.00     1.00       0.0001    0.0000
    133.80      1470.94      0.00     1.00       0.0001    0.0000
    134.00      1470.95      0.00     1.00       0.0001    0.0000
    134.20      1470.96      0.00     1.00       0.0001    0.0000
    134.40      1470.96      0.00     1.00       0.0001    0.0000
    134.60      1470.97      0.00     1.00       0.0001    0.0000
    134.80      1470.97      0.00     1.00       0.0001    0.0000
    135.00      1470.98      0.00     1.00       0.0001    0.0000
    135.20      1470.99      0.00     1.00       0.0001    0.0000
    135.40      1471.00      0.00     1.00       0.0001    0.0000
    135.60      1471.01      0.00     1.00       0.0001    0.0000
    135.80      1471.02      0.00     1.00       0.0001    0.0000
    136.00      1471.02      0.00     1.00       0.0001    0.0000
    136.20      1471.03      0.00     1.00       0.0001    0.0000
    136.40      1471.04      0.00     1.00       0.0001    0.0000
    136.60      1471.04      0.00     1.00       0.0001    0.0000
    136.80      1471.05      0.00     1.00       0.0001    0.0000
    137.00      1471.06      0.00     1.00       0.0001    0.0000
    137.20      1471.07      0.00     1.00       0.0001    0.0000
    137.40      1471.08      0.00     1.00       0.0001    0.0000
    137.60      1471.10      0.00     1.00       0.0001    0.0000
    137.80      1471.11      0.00     1.00       0.0001    0.0000
    138.00      1471.12      0.00     1.00       0.0001    0.0000
    138.20      1471.13      0.00     1.00       0.0001    0.0000
    138.40      1471.14      0.00     1.00       0.0001    0.0000
    138.60      1471.15      0.00     1.00       0.0001    0.0000
    138.80      1471.16      0.00     1.00       0.0001    0.0000
    139.00      1471.18      0.00     1.00       0.0001    0.0000
    139.20      1471.19      0.00     1.00       0.0001    0.0000
    139.40      1471.21      0.00     1.00       0.0001    0.0000
    139.60      1471.26      0.00     1.00       0.0001    0.0000
    139.80      1471.30      0.00     1.00       0.0001    0.0000
    140.00      1471.35      0.00     1.00       0.0001    0.0000
    140.20      1471.41      0.00     1.00       0.0001    0.0000
    140.40      1471.50      0.00     1.00       0.0001    0.0000
    140.60      1471.59      0.00     1.00       0.0001    0.0000
    140.80      1471.67      0.00     1.00       0.0001    0.0000
    141.00      1471.74      0.00     1.00       0.0001    0.0000
    141.20      1471.82      0.00     1.00       0.0001    0.0000
    141.40      1471.89      0.00     1.00       0.0001    0.0000
    141.60      1471.96      0.00     1.00       0.0001    0.0000
    141.80      1472.03      0.00     1.00       0.0001    0.0000
    142.00      1472.10      0.00     1.00       0.0001    0.0000
    142.20      1472.17      0.00     1.00       0.0001    0.0000
    142.40      1472.23      0.00     1.00       0.0001    0.0000
    142.60      1472.30      0.00     1.00       0.0001    0.0000
    142.80      1472.34      0.00     1.00       0.0001    0.0000
    143.00      1472.37      0.00     1.00       0.0001    0.0000
    143.20      1472.41      0.00     1.00       0.0001    0.0000
    143.40      1472.45      0.00     1.00       0.0001    0.0000
    143.60      1472.48      0.00     1.00       0.0001    0.0000
    143.80      1472.51      0.00     1.00       0.0001    0.0000
    144.00      1472.54      0.00     1.00       0.0001    0.0000
    144.20      1472.57      0.00     1.00       0.0001    0.0000
    144.40      1472.59      0.00     1.00       0.0001    0.0000
    144.60      1472.61      0.00     1.00       0.0001    0.0000
    144.80      1472.63      0.00     1.00       0.0001    0.0000
    145.00      1472.65      0.00     1.00       0.0001    0.0000
    145.20      1472.67      0.00     1.00       0.0001    0.0000
    145.40      1472.72      0.00     1.00       0.0001    0.0000
    145.60      1472.76      0.00     1.00       0.0001    0.0000
    145.80      1472.81      0.00     1.00       0.0001    0.0000
    146.00      1472.89      0.00     1.00       0.0001    0.0000
    146.20      1472.98      0.00     1.00       0.0001    0.0000
    146.40      1473.06      0.00     1.00       0.0001    0.0000
    146.60      1473.13      0.00     1.00       0.0001    0.0000
    146.80      1473.21      0.00     1.00       0.0001    0.0000
    147.00      1473.28      0.00     1.00       0.0001    0.0000
    147.20      1473.35      0.00     1.00       0.0001    0.0000
    147.40      1473.41      0.00     1.00       0.0001    0.0000
    147.60      1473.47      0.00     1.00       0.0001    0.0000
    147.80      1473.52      0.00     1.00       0.0001    0.0000
    148.00      1473.56      0.00     1.00       0.0001    0.0000
    148.20      1473.61      0.00     1.00       0.0001    0.0000
    148.40      1473.65      0.00     1.00       0.0001    0.0000
    148.60      1473.68      0.00     1.00       0.0001    0.0000
    148.80      1473.72      0.00     1.00       0.0001    0.0000
    149.00      1473.75      0.00     1.00       0.0001    0.0000
    149.20      1473.80      0.00     1.00       0.0001    0.0000
    149.40      1473.85      0.00     1.00       0.0001    0.0000
    149.60      1473.90      0.00     1.00       0.0001    0.0000
    149.80      1473.95      0.00     1.00       0.0001    0.0000
    150.00      1474.00      0.00     1.00       0.0001    0.0000
    150.20      1474.05      0.00     1.00       0.0001    0.0000
    150.40      1474.12      0.00     1.00       0.0001    0.0000
    150.60      1474.19      0.00     1.00       0.0001    0.0000
    150.80      1474.26      0.00     1.00       0.0001    0.0000
    151.00      1474.33      0.00     1.00       0.0001    0.0000
    151.20      1474.40      0.00     1.00       0.0001    0.0000
    151.40      1474.48      0.00     1.00       0.0001    0.0000
    151.60      1474.55      0.00     1.00       0.0001    0.0000
    151.80      1474.61      0.00     1.00       0.0001    0.0000
    152.00      1474.68      0.00     1.00       0.0001    0.0000
    152.20      1474.74      0.00     1.00       0.0001    0.0000
    152.40      1474.80      0.00     1.00       0.0001    0.0000
    152.60      1474.87      0.00     1.00       0.0001    0.0000
    152.80      1474.93      0.00     1.00       0.0001    0.0000
    153.00      1474.97      0.00     1.00       0.0001    0.0000
    153.20      1475.00      0.00     1.00       0.0001    0.0000
    153.40      1475.04      0.00     1.00       0.0001    0.0000
    153.60      1475.07      0.00     1.00       0.0001    0.0000
    153.80      1475.09      0.00     1.00       0.0001    0.0000
    154.00      1475.12      0.00     1.00       0.0001    0.0000
    154.20      1475.14      0.00     1.00       0.0001    0.0000
    154.40      1475.17      0.00     1.00       0.0001    0.0000
    154.60      1475.19      0.00     1.00       0.0001    0.0000
    154.80      1475.21      0.00     1.00       0.0001    0.0000
    155.00      1475.22      0.00     1.00       0.0001    0.0000
    155.20      1475.23      0.00     1.00       0.0001    0.0000
    155.40      1475.24      0.00     1.00       0.0001    0.0000
    155.60      1475.25      0.00     1.00       0.0001    0.0000
    155.80      1475.26      0.00     1.00       0.0001    0.0000
    156.00      1475.27      0.00     1.00       0.0001    0.0000
    156.20      1475.28      0.00     1.00       0.0001    0.0000
    156.40      1475.30      0.00     1.00       0.0001    0.0000
    156.60      1475.31      0.00     1.00       0.0001    0.0000
    156.80      1475.32      0.00     1.00       0.0001    0.0000
    157.00      1475.33      0.00     1.00       0.0001    0.0000
    157.20      1475.34      0.00     1.00       0.0001    0.0000
    157.40      1475.35      0.00     1.00       0.0001    0.0000
    157.60      1475.37      0.00     1.00       0.0001    0.0000
    157.80      1475.38      0.00     1.00       0.0001    0.0000
    158.00      1475.40      0.00     1.00       0.0001    0.0000
    158.20      1475.43      0.00     1.00       0.0001    0.0000
    158.40      1475.46      0.00     1.00       0.0001    0.0000
    158.60      1475.48      0.00     1.00       0.0001    0.0000
    158.80      1475.50      0.00     1.00       0.0001    0.0000
    159.00      1475.51      0.00     1.00       0.0001    0.0000
    159.20      1475.53      0.00     1.00       0.0001    0.0000
    159.40      1475.54      0.00     1.00       0.0001    0.0000
    159.60      1475.55      0.00     1.00       0.0001    0.0000
    159.80      1475.56      0.00     1.00       0.0001    0.0000
    160.00      1475.57      0.00     1.00       0.0001    0.0000
    160.20      1475.58      0.00     1.00       0.0001    0.0000
    160.40      1475.59      0.00     1.00       0.0001    0.0000
    160.60      1475.60      0.00     1.00       0.0001    0.0000
    160.80      1475.61      0.00     1.00       0.0001    0.0000
    161.00      1475.62      0.00     1.00       0.0001    0.0000
    161.20      1475.63      0.00     1.00       0.0001    0.0000
    161.40      1475.64      0.00     1.00       0.0001    0.0000
    161.60      1475.65      0.00     1.00       0.0001    0.0000
    161.80      1475.67      0.00     1.00       0.0001    0.0000
    162.00      1475.68      0.00     1.00       0.0001    0.0000
    162.20      1475.69      0.00     1.00       0.0001    0.0000
    162.40      1475.70      0.00     1.00       0.0001    0.0000
    162.60      1475.71      0.00     1.00       0.0001    0.0000
    162.80      1475.72      0.00     1.00       0.0001    0.0000
    163.00      1475.73      0.00     1.00       0.0001    0.0000
    163.20      1475.74      0.00     1.00       0.0001    0.0000
    163.40      1475.75      0.00     1.00       0.0001    0.0000
    163.60      1475.76      0.00     1.00       0.0001    0.0000
    163.80      1475.77      0.00     1.00       0.0001    0.0000
    164.00      1475.78      0.00     1.00       0.0001    0.0000
    164.20      1475.79      0.00     1.00       0.0001    0.0000
    164.40      1475.80      0.00     1.00       0.0001    0.0000
    164.60      1475.81      0.00     1.00       0.0001    0.0000
    164.80      1475.82      0.00     1.00       0.0001    0.0000
    165.00      1475.83      0.00     1.00       0.0001    0.0000
    165.20      1475.85      0.00     1.00       0.0001    0.0000
    165.40      1475.86      0.00     1.00       0.0001    0.0000
    165.60      1475.86      0.00     1.00       0.0001    0.0000
    165.80      1475.87      0.00     1.00       0.0001    0.0000
    166.00      1475.88      0.00     1.00       0.0001    0.0000
    166.20      1475.89      0.00     1.00       0.0001    0.0000
    166.40      1475.91      0.00     1.00       0.0001    0.0000
    166.60      1475.93      0.00     1.00       0.0001    0.0000
    166.80      1475.95      0.00     1.00       0.0001    0.0000
    167.00      1475.98      0.00     1.00       0.0001    0.0000
    167.20      1476.01      0.00     1.00       0.0001    0.0000
    167.40      1476.04      0.00     1.00       0.0001    0.0000
    167.60      1476.07      0.00     1.00       0.0001    0.0000
    167.80      1476.09      0.00     1.00       0.0001    0.0000
    168.00      1476.12      0.00     1.00       0.0001    0.0000
    168.20      1476.14      0.00     1.00       0.0001    0.0000
    168.40      1476.17      0.00     1.00       0.0001    0.0000
    168.60      1476.20      0.00     1.00       0.0001    0.0000
    168.80      1476.22      0.00     1.00       0.0001    0.0000
    169.00      1476.24      0.00     1.00       0.0001    0.0000
    169.20      1476.25      0.00     1.00       0.0001    0.0000
    169.40      1476.27      0.00     1.00       0.0001    0.0000
    169.60      1476.29      0.00     1.00       0.0001    0.0000
    169.80      1476.31      0.00     1.00       0.0001    0.0000
    170.00      1476.33      0.00     1.00       0.0001    0.0000
    170.20      1476.36      0.00     1.00       0.0001    0.0000
    170.40      1476.39      0.00     1.00       0.0001    0.0000
    170.60      1476.42      0.00     1.00       0.0001    0.0000
    170.80      1476.46      0.00     1.00       0.0001    0.0000
    171.00      1476.50      0.00     1.00       0.0001    0.0000
    171.20      1476.54      0.00     1.00       0.0001    0.0000
    171.40      1476.58      0.00     1.00       0.0001    0.0000
    171.60      1476.61      0.00     1.00       0.0001    0.0000
    171.80      1476.64      0.00     1.00       0.0001    0.0000
    172.00      1476.67      0.00     1.00       0.0001    0.0000
    172.20      1476.69      0.00     1.00       0.0001    0.0000
    172.40      1476.71      0.00     1.00       0.0001    0.0000
    172.60      1476.73      0.00     1.00       0.0001    0.0000
    172.80      1476.75      0.00     1.00       0.0001    0.0000
    173.00      1476.77      0.00     1.00       0.0001    0.0000
    173.20      1476.79      0.00     1.00       0.0001    0.0000
    173.40      1476.81      0.00     1.00       0.0001    0.0000
    173.60      1476.82      0.00     1.00       0.0001    0.0000
    173.80      1476.84      0.00     1.00       0.0001    0.0000
    174.00      1476.86      0.00     1.00       0.0001    0.0000
    174.20      1476.87      0.00     1.00       0.0001    0.0000
    174.40      1476.89      0.00     1.00       0.0001    0.0000
    174.60      1476.90      0.00     1.00       0.0001    0.0000
    174.80      1476.92      0.00     1.00       0.0001    0.0000
    175.00      1476.93      0.00     1.00       0.0001    0.0000
    175.20      1476.95      0.00     1.00       0.0001    0.0000
    175.40      1476.96      0.00     1.00       0.0001    0.0000
    175.60      1476.97      0.00     1.00       0.0001    0.0000
    175.80      1476.99      0.00     1.00       0.0001    0.0000
    176.00      1477.01      0.00     1.00       0.0001    0.0000
    176.20      1477.03      0.00     1.00       0.0001    0.0000
    176.40      1477.05      0.00     1.00       0.0001    0.0000
    176.60      1477.07      0.00     1.00       0.0001    0.0000
    176.80      1477.10      0.00     1.00       0.0001    0.0000
    177.00      1477.12      0.00     1.00       0.0001    0.0000
    177.20      1477.16      0.00     1.00       0.0001    0.0000
    177.40      1477.20      0.00     1.00       0.0001    0.0000
    177.60      1477.24      0.00     1.00       0.0001    0.0000
    177.80      1477.28      0.00     1.00       0.0001    0.0000
    178.00      1477.31      0.00     1.00       0.0001    0.0000
    178.20      1477.35      0.00     1.00       0.0001    0.0000
    178.40      1477.39      0.00     1.00       0.0001    0.0000
    178.60      1477.43      0.00     1.00       0.0001    0.0000
    178.80      1477.46      0.00     1.00       0.0001    0.0000
    179.00      1477.50      0.00     1.00       0.0001    0.0000
    179.20      1477.53      0.00     1.00       0.0001    0.0000
    179.40      1477.56      0.00     1.00       0.0001    0.0000
    179.60      1477.58      0.00     1.00       0.0001    0.0000
    179.80      1477.60      0.00     1.00       0.0001    0.0000
    180.00      1477.63      0.00     1.00       0.0001    0.0000
    180.20      1477.65      0.00     1.00       0.0001    0.0000
    180.40      1477.67      0.00     1.00       0.0001    0.0000
    180.60      1477.70      0.00     1.00       0.0001    0.0000
    180.80      1477.72      0.00     1.00       0.0001    0.0000
    181.00      1477.75      0.00     1.00       0.0001    0.0000
    181.20      1477.79      0.00     1.00       0.0001    0.0000
    181.40      1477.82      0.00     1.00       0.0001    0.0000
    181.60      1477.84      0.00     1.00       0.0001    0.0000
    181.80      1477.87      0.00     1.00       0.0001    0.0000
    182.00      1477.89      0.00     1.00       0.0001    0.0000
    182.20      1477.91      0.00     1.00       0.0001    0.0000
    182.40      1477.94      0.00     1.00       0.0001    0.0000
    182.60      1477.96      0.00     1.00       0.0001    0.0000
    182.80      1477.98      0.00     1.00       0.0001    0.0000
    183.00      1478.01      0.00     1.00       0.0001    0.0000
    183.20      1478.03      0.00     1.00       0.0001    0.0000
    183.40      1478.05      0.00     1.00       0.0001    0.0000
    183.60      1478.07      0.00     1.00       0.0001    0.0000
    183.80      1478.08      0.00     1.00       0.0001    0.0000
    184.00      1478.10      0.00     1.00       0.0001    0.0000
    184.20      1478.12      0.00     1.00       0.0001    0.0000
    184.40      1478.15      0.00     1.00       0.0001    0.0000
    184.60      1478.17      0.00     1.00       0.0001    0.0000
    184.80      1478.20      0.00     1.00       0.0001    0.0000
    185.00      1478.23      0.00     1.00       0.0001    0.0000
    185.20      1478.23      0.00     1.00       0.0001    0.0000
    185.40      1478.23      0.00     1.00       0.0001    0.0000
    185.60      1478.23      0.00     1.00       0.0001    0.0000
    185.80      1478.23      0.00     1.00       0.0001    0.0000
    186.00      1478.23      0.00     1.00       0.0001    0.0000
    186.20      1478.23      0.00     1.00       0.0001    0.0000
    186.40      1478.23      0.00     1.00       0.0001    0.0000
    186.60      1478.23      0.00     1.00       0.0001    0.0000
    186.80      1478.23      0.00     1.00       0.0001    0.0000
    187.00      1478.23      0.00     1.00       0.0001    0.0000
    187.20      1478.23      0.00     1.00       0.0001    0.0000
    187.40      1478.23      0.00     1.00       0.0001    0.0000
    187.60      1478.23      0.00     1.00       0.0001    0.0000
    187.80      1478.23      0.00     1.00       0.0001    0.0000
    188.00      1478.23      0.00     1.00       0.0001    0.0000
    188.20      1478.23      0.00     1.00       0.0001    0.0000
    188.40      1478.23      0.00     1.00       0.0001    0.0000
    188.60      1478.23      0.00     1.00       0.0001    0.0000
    188.80      1478.23      0.00     1.00       0.0001    0.0000
    189.00      1478.23      0.00     1.00       0.0001    0.0000
    189.20      1478.23      0.00     1.00       0.0001    0.0000
    189.40      1478.23      0.00     1.00       0.0001    0.0000
    189.60      1478.23      0.00     1.00       0.0001    0.0000
    189.80      1478.23      0.00     1.00       0.0001    0.0000
    190.00      1478.23      0.00     1.00       0.0001    0.0000
    190.20      1478.23      0.00     1.00       0.0001    0.0000
    190.40      1478.23      0.00     1.00       0.0001    0.0000
    190.60      1478.23      0.00     1.00       0.0001    0.0000
    190.80      1478.23      0.00     1.00       0.0001    0.0000
    191.00      1478.23      0.00     1.00       0.0001    0.0000
    191.20      1478.23      0.00     1.00       0.0001    0.0000
    191.40      1478.23      0.00     1.00       0.0001    0.0000
    191.60      1478.23      0.00     1.00       0.0001    0.0000
    191.80      1478.23      0.00     1.00       0.0001    0.0000
    192.00      1478.23      0.00     1.00       0.0001    0.0000
    192.20      1478.23      0.00     1.00       0.0001    0.0000
    192.40      1478.23      0.00     1.00       0.0001    0.0000
    192.60      1478.23      0.00     1.00       0.0001    0.0000
    192.80      1478.23      0.00     1.00       0.0001    0.0000
    193.00      1478.23      0.00     1.00       0.0001    0.0000
    193.20      1478.23      0.00     1.00       0.0001    0.0000
    193.40      1478.23      0.00     1.00       0.0001    0.0000
    193.60      1478.23      0.00     1.00       0.0001    0.0000
    193.80      1478.23      0.00     1.00       0.0001    0.0000
    194.00      1478.23      0.00     1.00       0.0001    0.0000
    194.20      1478.23      0.00     1.00       0.0001    0.0000
    194.40      1478.23      0.00     1.00       0.0001    0.0000
    194.60      1478.23      0.00     1.00       0.0001    0.0000
    194.80      1478.23      0.00     1.00       0.0001    0.0000
    195.00      1478.23      0.00     1.00       0.0001    0.0000
    195.20      1478.23      0.00     1.00       0.0001    0.0000
    195.40      1478.23      0.00     1.00       0.0001    0.0000
    195.60      1478.23      0.00     1.00       0.0001    0.0000
    195.80      1478.23      0.00     1.00       0.0001    0.0000
    196.00      1478.23      0.00     1.00       0.0001    0.0000
    196.20      1478.23      0.00     1.00       0.0001    0.0000
    196.40      1478.23      0.00     1.00       0.0001    0.0000
    196.60      1478.23      0.00     1.00       0.0001    0.0000
    196.80      1478.23      0.00     1.00       0.0001    0.0000
    197.00      1478.23      0.00     1.00       0.0001    0.0000
    197.20      1478.23      0.00     1.00       0.0001    0.0000
    197.40      1478.23      0.00     1.00       0.0001    0.0000
    197.60      1478.23      0.00     1.00       0.0001    0.0000
    197.80      1478.23      0.00     1.00       0.0001    0.0000
    198.00      1478.23      0.00     1.00       0.0001    0.0000
    198.20      1478.23      0.00     1.00       0.0001    0.0000
    198.40      1478.23      0.00     1.00       0.0001    0.0000
    198.60      1478.23      0.00     1.00       0.0001    0.0000
    198.80      1478.23      0.00     1.00       0.0001    0.0000
    199.00      1478.23      0.00     1.00       0.0001    0.0000
    199.20      1478.23      0.00     1.00       0.0001    0.0000
    199.40      1478.23      0.00     1.00       0.0001    0.0000
    199.60      1478.23      0.00     1.00       0.0001    0.0000
    199.80      1478.23      0.00     1.00       0.0001    0.0000
    200.00      1478.23      0.00     1.00       0.0001    0.0000
 
                                 ( RMS roughness =   0.00     )
     ACOUSTO-ELASTIC half-space
    200.00      1700.00      0.00     1.90       0.0000    0.0000

 CLOW =   0.0000      CHIGH =   2000.0    
 RMAX =    10000.0000000000     
 
 Number of sources   =            1
  0.100000E-02
 
 Number of receivers =         1000
  0.200000      0.400000      0.600000      0.800000       1.00000    
   1.20000       1.40000       1.60000       1.80000       2.00000    
   2.20000       2.40000       2.60000       2.80000       3.00000    
   3.20000       3.40000       3.60000       3.80000       4.00000    
   4.20000       4.40000       4.60000       4.80000       5.00000    
   5.20000       5.40000       5.60000       5.80000       6.00000    
   6.20000       6.40000       6.60000       6.80000       7.00000    
   7.20000       7.40000       7.60000       7.80000       8.00000    
   8.20000       8.40000       8.60000       8.80000       9.00000    
   9.20000       9.40000       9.60000       9.80000       10.0000    
   10.2000    
  ...    200.0000    
 
 Mesh multiplier   CPU seconds
 
 
 
 *** FATAL ERROR ***
 
 Error detected in program or subroutine: KRAKENC
 No modes for given phase speed interval
 
 
 
 Fatal Error: See print file for details
        1            0.300E-03
 
 
 
 *** FATAL ERROR ***
 
 Error detected in program or subroutine: KRAKENC
 No modes for given phase speed interval
 
 
 
 Fatal Error: See print file for details
        2            0.300E-03
 
    I          K             ALPHA          PHASE SPEED       GROUP SPEED
 NRD=        1000
